Timestamp:,2022-01-31T12:06:33.810862
 Laser line number: ,132 
 Laser line name:, STATION1B_32 
 Laser image name:, STATION1B 
 Starting X:, 47851.02 
 Starting Y:,42688.12 
 Starting Z:, 32121.0 
 Spot size:, 5.0 
 Spot spacing:, 1.0 
 Number of shots:, 2558 
 Direction of ablation:, 0,Left to Right 
 Cycle time (ms),x [um],y [um],23Na cps,24Mg cps,27Al cps,28Si cps,29Si cps,30Si cps,31P cps,32S cps,39K cps,40Ca cps,45Sc cps,48Ti cps,51V cps,52Cr cps,55Mn cps,56Fe cps,58Ni cps,59Co cps,63Cu cps,64Zn cps,69Ga cps,72Ge cps,75As cps,80Se cps,85Rb cps,88Sr cps,89Y cps,90Zr cps,93Nb cps,95Mo cps,101Ru cps,103Rh cps,105Pd cps,107Ag cps,111Cd cps,115In cps,120Sn cps,123Sb cps,124Te cps,133Cs cps,138Ba cps,139La cps,140Ce cps,141Pr cps,146Nd cps,149Sm cps,153Eu cps,157Gd cps,159Tb cps,163Dy cps,165Ho cps,166Er cps,169Tm cps,172Yb cps,175Lu cps,178Hf cps,181Ta cps,182W cps,185Re cps,189Os cps,193Ir cps,195Pt cps,197Au cps,202Hg cps,205Tl cps,208Pb cps,209Bi cps,232Th cps,238U cps
12985.8532,47851.02,42688.12,929.670,53.8000,0.0,9350.55,500.320,577.010,69.7900,0.0,0.0,0.0,0.0,0.0,0.0,93181.7,0.0,119.130,16.1,0.0,19.75,0.0,0.0,0.0,69.1500,0.0,0.0,0.0,0.0,0.0,0.0,0.0,0.0,0.0,0.0,0.0,24.8000,35.5500,0.0,11.6,0.0,0.0,0.0,0.0,0.0,0.0,0.0,0.0,0.0,0.0,0.0,0.0,0.0,0.0,0.0,0.0,0.0,35.4000,0.0,0.0,0.0,0.0,0.0,0.0,0.0,25.25,0.0,0.0,0.0,0.0,0.0
12998.6356,47856.02,42688.12,644.850,0.0,0.0,4219.72,142.360,489.530,58.8300,0.0,0.0,0.0,0.0,0.0,0.0,30208.2,0.0,19.4500,0.0,0.0,0.0,0.0,0.0,0.0,0.0,0.0,0.0,12.55,0.0,0.0,0.0,0.0,0.0,0.0,0.0,9.48,0.0,0.0,0.0,25.35,0.0,0.0,0.0,0.0,0.0,0.0,0.0,0.0,0.0,0.0,0.0,0.0,0.0,0.0,0.0,0.0,0.0,0.0,0.0,0.0,0.0,0.0,0.0,14.52,0.0,0.0,0.0,0.0,0.0,0.0,0.0
13010.3528,47861.02,42688.12,609.080,137.550,0.0,1400.72,232.550,174.850,52.0100,0.0,0.0,0.0,0.0,0.0,0.0,1670.83,21.68,177.720,43.43,0.0,0.0,11.08,0.0,0.0,22.84,17.4,0.0,109.210,0.0,0.0,0.0,0.0,0.0,0.0,0.0,0.0,102.57,0.0,12.5600,0.0,0.0,11.24,0.0,0.0,0.0,0.0,0.0,0.0,0.0,0.0,13.56,0.0,0.0,0.0,0.0,0.0,0.0,14.35,0.0,0.0,0.0,0.0,0.0,0.0,0.0,0.0,0.0,0.0,0.0,0.0,0.0
13023.1352,47866.02,42688.12,115.140,0.0,0.0,2211.16,235.670,147.950,45.7000,0.0,0.0,0.0,0.0,0.0,0.0,90.4000,0.0,68.7000,162.350,0.0,0.0,0.0,0.0,0.0,72.6000,0.0,0.0,0.0,0.0,0.0,0.0,0.0,0.0,0.0,55.0500,0.0,0.0,0.0,0.0,0.0,28.25,0.0,0.0,0.0,0.0,0.0,0.0,0.0,0.0,0.0,0.0,0.0,0.0,18.5500,0.0,0.0,0.0,0.0,0.0,0.0,0.0,0.0,0.0,0.0,0.0,0.0,0.0,0.0,0.0,0.0,0.0
13035.9176,47871.02,42688.12,18.0,0.0,0.0,778.760,9.05,197.570,45.8900,86.3800,0.0,0.0,0.0,35.6000,0.0,0.0,0.0,95.8400,47.9500,0.0,29.25,0.0,0.0,0.0,0.0,0.0,62.9000,15.65,0.0,0.0,13.0,0.0,0.0,0.0,0.0,65.0500,0.0,0.0,12.32,29.5600,0.0,0.0,0.0,0.0,0.0,0.0,0.0,0.0,0.0,0.0,0.0,0.0,0.0,0.0,0.0,0.0,0.0,0.0,0.0,0.0,0.0,0.0,0.0,0.0,0.0,0.0,0.0,0.0,0.0,0.0,0.0
13048.7,47876.02,42688.12,533.550,0.0,0.0,2547.94,210.650,416.0,53.93,0.0,0.0,0.0,0.0,0.0,0.0,292.630,16.3600,112.970,25.0600,0.0,0.0,0.0,0.0,0.0,0.0,0.0,33.9200,8.44000,0.0,0.0,0.0,0.0,0.0,0.0,0.0,69.1200,0.0,0.0,0.0,0.0,0.0,0.0,0.0,0.0,0.0,0.0,0.0,0.0,0.0,0.0,0.0,0.0,0.0,0.0,13.92,0.0,0.0,0.0,0.0,0.0,0.0,0.0,0.0,0.0,0.0,0.0,0.0,0.0,61.6500,0.0,0.0
13060.4172,47881.02,42688.12,141.040,0.0,0.0,1098.60,490.690,865.650,0.0,53.43,0.0,0.0,0.0,0.0,0.0,1755.15,20.0500,51.5300,0.0,0.0,0.0,0.0,0.0,0.0,37.8000,0.0,66.7800,0.0,0.0,0.0,0.0,0.0,0.0,0.0,0.0,0.0,0.0,0.0,0.0,10.36,0.0,0.0,0.0,0.0,0.0,0.0,0.0,0.0,0.0,0.0,0.0,0.0,0.0,0.0,0.0,0.0,0.0,0.0,0.0,0.0,0.0,0.0,0.0,0.0,0.0,14.2,0.0,0.0,14.24,0.0,0.0
13073.1996,47886.02,42688.12,665.230,0.0,0.0,1354.71,89.6100,696.5,0.0,0.0,0.0,0.0,0.0,0.0,0.0,166.680,0.0,107.43,69.4500,0.0,0.0,0.0,0.0,0.0,22.4500,0.0,0.0,181.670,0.0,0.0,0.0,0.0,0.0,0.0,0.0,0.0,0.0,0.0,0.0,0.0,0.0,0.0,0.0,0.0,0.0,0.0,0.0,0.0,0.0,0.0,0.0,0.0,0.0,0.0,0.0,0.0,0.0,0.0,0.0,0.0,0.0,0.0,0.0,0.0,0.0,10.15,0.0,0.0,0.0,0.0,0.0
13085.982,47891.02,42688.12,710.700,0.0,0.0,380.130,223.270,395.860,0.0,0.0,0.0,0.0,0.0,0.0,0.0,176.050,12.55,235.320,63.9000,0.0,0.0,0.0,0.0,0.0,18.6,0.0,10.35,0.0,0.0,0.0,0.0,0.0,0.0,0.0,0.0,64.8500,73.2000,0.0,0.0,0.0,0.0,0.0,0.0,0.0,0.0,0.0,0.0,0.0,31.6,0.0,0.0,0.0,0.0,0.0,0.0,0.0,0.0,0.0,0.0,0.0,0.0,0.0,0.0,0.0,14.0,0.0,0.0,0.0,0.0,0.0,0.0
13098.7644,47896.02,42688.12,456.510,104.580,0.0,1583.57,94.4100,507.470,37.1000,12.2,0.0,0.0,0.0,0.0,0.0,42.77,0.0,218.280,18.1200,0.0,0.0,0.0,0.0,0.0,87.5800,0.0,0.0,8.72000,0.0,0.0,0.0,0.0,0.0,0.0,0.0,10.6,0.0,0.0,45.3500,0.0,0.0,0.0,0.0,0.0,0.0,0.0,0.0,0.0,0.0,0.0,0.0,0.0,0.0,0.0,0.0,0.0,0.0,0.0,0.0,0.0,0.0,0.0,0.0,0.0,0.0,0.0,0.0,0.0,0.0,0.0,0.0
13110.4816,47901.02,42688.12,451.760,0.0,33.1500,1276.49,141.460,279.75,42.68,0.0,0.0,0.0,0.0,0.0,0.0,136.880,0.0,90.8100,111.980,0.0,0.0,0.0,0.0,0.0,48.0,0.0,0.0,19.65,0.0,0.0,0.0,0.0,0.0,0.0,0.0,38.2200,0.0,0.0,0.0,0.0,0.0,183.170,0.0,0.0,0.0,0.0,0.0,0.0,0.0,0.0,0.0,0.0,0.0,0.0,0.0,0.0,0.0,0.0,0.0,0.0,0.0,0.0,0.0,0.0,0.0,10.7200,0.0,0.0,0.0,0.0,0.0
13123.264,47906.02,42688.12,295.270,0.0,0.0,476.770,354.930,209.260,0.0,56.5600,0.0,0.0,0.0,0.0,0.0,128.400,0.0,52.0,48.8000,0.0,0.0,0.0,0.0,0.0,12.15,0.0,0.0,0.0,0.0,0.0,0.0,0.0,0.0,0.0,0.0,35.3600,0.0,0.0,52.0500,0.0,0.0,0.0,0.0,0.0,0.0,0.0,0.0,0.0,0.0,0.0,0.0,0.0,0.0,0.0,0.0,0.0,0.0,0.0,0.0,0.0,0.0,0.0,69.4400,0.0,0.0,0.0,0.0,0.0,0.0,0.0,0.0
13136.0464,47911.02,42688.12,221.240,0.0,0.0,505.880,473.670,253.050,0.0,17.4500,0.0,0.0,0.0,0.0,0.0,213.990,0.0,186.260,26.0,0.0,0.0,0.0,0.0,0.0,0.0,0.0,0.0,0.0,0.0,0.0,0.0,0.0,0.0,0.0,0.0,0.0,0.0,0.0,0.0,0.0,0.0,0.0,0.0,0.0,0.0,0.0,0.0,0.0,0.0,0.0,0.0,0.0,0.0,0.0,0.0,0.0,0.0,0.0,0.0,0.0,0.0,0.0,0.0,0.0,0.0,0.0,0.0,0.0,0.0,0.0,12.48
13148.8288,47916.02,42688.12,114.840,0.0,0.0,1578.82,230.310,732.080,0.0,0.0,0.0,0.0,0.0,17.85,0.0,200.020,0.0,97.8800,59.3000,0.0,0.0,0.0,0.0,0.0,40.1700,0.0,0.0,19.9,0.0,0.0,15.15,0.0,0.0,0.0,17.4,0.0,0.0,0.0,0.0,0.0,0.0,0.0,0.0,0.0,0.0,23.9500,0.0,0.0,0.0,0.0,0.0,0.0,0.0,0.0,0.0,0.0,20.6,0.0,0.0,0.0,0.0,0.0,0.0,0.0,0.0,0.0,0.0,0.0,0.0,0.0,0.0
13160.546,47921.02,42688.12,638.850,112.030,83.8500,2794.53,578.650,314.580,0.0,0.0,0.0,0.0,0.0,0.0,0.0,7565.37,0.0,263.350,89.7000,0.0,0.0,0.0,0.0,0.0,0.0,0.0,0.0,36.0100,0.0,0.0,0.0,0.0,0.0,30.66,84.4500,0.0,100.100,0.0,0.0,86.68,0.0,0.0,0.0,0.0,0.0,0.0,0.0,0.0,0.0,0.0,0.0,0.0,0.0,0.0,0.0,0.0,0.0,0.0,0.0,0.0,0.0,0.0,0.0,0.0,0.0,0.0,0.0,0.0,0.0,0.0,0.0
13173.3284,47926.02,42688.12,900.020,10.8,0.0,3366.70,52.6900,396.080,0.0,0.0,0.0,0.0,0.0,0.0,0.0,22080.8,24.16,0.0,98.0900,0.0,0.0,0.0,0.0,0.0,0.0,0.0,0.0,73.2000,0.0,0.0,0.0,0.0,0.0,0.0,0.0,13.88,0.0,0.0,12.35,24.25,0.0,0.0,0.0,0.0,0.0,0.0,0.0,0.0,24.2000,0.0,0.0,0.0,0.0,0.0,0.0,0.0,0.0,0.0,0.0,0.0,0.0,0.0,0.0,0.0,11.92,0.0,0.0,0.0,0.0,0.0,0.0
13186.1108,47931.02,42688.12,410.950,0.0,0.0,1143.93,334.100,671.350,139.760,0.0,0.0,0.0,0.0,0.0,0.0,1305.67,0.0,16.15,40.9700,0.0,0.0,0.0,0.0,0.0,31.4,0.0,12.6,0.0,67.8000,0.0,0.0,0.0,0.0,0.0,0.0,0.0,0.0,0.0,0.0,38.8000,0.0,0.0,0.0,0.0,0.0,0.0,0.0,0.0,0.0,0.0,0.0,0.0,0.0,0.0,0.0,0.0,0.0,0.0,0.0,0.0,0.0,0.0,0.0,0.0,0.0,13.48,0.0,0.0,15.4,0.0,0.0
13197.828,47936.02,42688.12,282.190,0.0,0.0,1462.29,213.330,605.970,98.5200,0.0,0.0,0.0,0.0,0.0,0.0,268.690,0.0,31.4400,233.390,67.0,0.0,0.0,0.0,0.0,38.4000,0.0,0.0,83.7000,0.0,0.0,0.0,0.0,0.0,0.0,0.0,0.0,0.0,0.0,22.1,79.0,0.0,0.0,0.0,0.0,0.0,0.0,0.0,0.0,0.0,0.0,0.0,0.0,0.0,0.0,12.45,0.0,0.0,0.0,0.0,0.0,0.0,0.0,0.0,0.0,0.0,0.0,0.0,0.0,0.0,0.0,0.0
13210.6104,47941.02,42688.12,486.940,0.0,0.0,4330.23,222.650,932.670,104.07,0.0,0.0,0.0,0.0,0.0,0.0,33435.0,0.0,11.36,40.6900,0.0,0.0,0.0,0.0,0.0,14.55,0.0,0.0,0.0,0.0,0.0,0.0,0.0,0.0,0.0,0.0,12.7,0.0,0.0,0.0,0.0,0.0,39.0,0.0,0.0,0.0,0.0,0.0,0.0,0.0,0.0,0.0,0.0,0.0,0.0,0.0,0.0,0.0,0.0,0.0,0.0,0.0,0.0,0.0,0.0,0.0,10.25,0.0,0.0,0.0,0.0,0.0
13223.3928,47946.02,42688.12,406.870,64.2000,0.0,2666.26,355.290,881.960,47.23,59.6000,0.0,0.0,0.0,0.0,0.0,24876.3,0.0,20.35,26.16,0.0,0.0,0.0,0.0,45.6000,78.5,0.0,0.0,0.0,0.0,0.0,0.0,0.0,0.0,0.0,0.0,18.24,0.0,0.0,0.0,42.9000,0.0,0.0,0.0,0.0,0.0,0.0,0.0,0.0,0.0,0.0,0.0,0.0,0.0,0.0,0.0,0.0,0.0,0.0,0.0,0.0,0.0,0.0,0.0,0.0,0.0,0.0,0.0,0.0,0.0,0.0,0.0
13236.1752,47951.02,42688.12,283.950,58.6500,0.0,2306.32,95.5600,472.820,0.0,26.48,0.0,0.0,0.0,0.0,0.0,398.820,0.0,12.35,38.7800,0.0,0.0,12.9,0.0,0.0,27.9700,0.0,0.0,0.0,0.0,0.0,0.0,0.0,0.0,0.0,0.0,0.0,0.0,0.0,0.0,0.0,0.0,0.0,0.0,0.0,0.0,0.0,0.0,0.0,0.0,0.0,0.0,0.0,0.0,0.0,0.0,0.0,0.0,0.0,0.0,0.0,0.0,0.0,0.0,0.0,0.0,0.0,0.0,0.0,0.0,0.0,0.0
13247.8924,47956.02,42688.12,193.290,0.0,0.0,1557.79,20.3800,514.270,43.2800,41.02,0.0,0.0,0.0,0.0,0.0,104.040,37.2400,257.760,179.590,0.0,0.0,0.0,0.0,0.0,0.0,0.0,0.0,0.0,0.0,0.0,0.0,0.0,0.0,0.0,0.0,0.0,0.0,0.0,0.0,9.24,0.0,0.0,0.0,0.0,0.0,0.0,0.0,0.0,0.0,0.0,0.0,0.0,0.0,0.0,0.0,0.0,0.0,0.0,0.0,21.68,0.0,0.0,0.0,0.0,0.0,0.0,0.0,0.0,0.0,0.0,0.0
13260.6748,47961.02,42688.12,529.710,25.0,0.0,2007.68,31.66,418.450,42.1000,51.1500,0.0,0.0,0.0,0.0,0.0,134.390,0.0,184.75,67.7800,0.0,0.0,0.0,0.0,0.0,46.2800,0.0,11.25,0.0,0.0,0.0,0.0,0.0,0.0,0.0,51.9000,0.0,0.0,0.0,0.0,23.1,25.6,0.0,0.0,0.0,0.0,0.0,0.0,0.0,0.0,0.0,18.9,0.0,0.0,0.0,0.0,0.0,0.0,0.0,0.0,0.0,0.0,0.0,0.0,0.0,0.0,0.0,0.0,0.0,0.0,0.0,0.0
13273.4572,47966.02,42688.12,206.150,34.8000,0.0,1090.42,315.450,258.5,0.0,0.0,0.0,0.0,22.4,0.0,0.0,98.5200,40.3500,200.640,61.8000,0.0,0.0,0.0,0.0,0.0,0.0,0.0,0.0,19.4,0.0,0.0,0.0,0.0,0.0,0.0,14.55,48.9000,0.0,0.0,45.1500,15.7,0.0,0.0,0.0,0.0,0.0,0.0,0.0,0.0,0.0,0.0,0.0,11.5,0.0,0.0,0.0,0.0,0.0,0.0,0.0,0.0,0.0,0.0,0.0,0.0,0.0,0.0,0.0,0.0,0.0,0.0,0.0
13286.2396,47971.02,42688.12,491.680,0.0,0.0,1398.30,283.510,872.840,32.43,0.0,0.0,0.0,0.0,0.0,0.0,55.8500,0.0,135.080,0.0,0.0,0.0,0.0,0.0,0.0,0.0,0.0,0.0,0.0,0.0,0.0,0.0,0.0,0.0,0.0,0.0,0.0,0.0,0.0,0.0,0.0,0.0,0.0,0.0,0.0,0.0,0.0,0.0,0.0,0.0,0.0,0.0,0.0,0.0,0.0,0.0,0.0,0.0,0.0,0.0,0.0,0.0,0.0,0.0,0.0,0.0,0.0,0.0,0.0,0.0,0.0,0.0
13297.9568,47976.02,42688.12,358.630,97.8900,0.0,1148.92,345.760,847.240,10.96,0.0,0.0,0.0,0.0,0.0,0.0,0.0,0.0,172.940,15.48,0.0,0.0,0.0,0.0,0.0,0.0,0.0,18.16,9.0,0.0,0.0,0.0,0.0,0.0,0.0,0.0,51.09,0.0,0.0,0.0,0.0,18.32,0.0,0.0,0.0,0.0,0.0,0.0,0.0,0.0,0.0,0.0,0.0,0.0,0.0,0.0,0.0,0.0,0.0,0.0,0.0,42.25,0.0,0.0,0.0,0.0,44.3800,0.0,0.0,0.0,0.0,0.0
13310.7392,47981.02,42688.12,44.8000,0.0,0.0,1390.49,140.680,231.800,0.0,93.0500,0.0,0.0,0.0,0.0,0.0,40.8000,0.0,34.6000,118.630,0.0,0.0,0.0,0.0,0.0,53.9000,0.0,0.0,0.0,0.0,0.0,0.0,0.0,0.0,0.0,0.0,0.0,43.6500,0.0,55.75,38.7000,0.0,0.0,0.0,0.0,0.0,0.0,0.0,0.0,0.0,0.0,0.0,0.0,0.0,0.0,0.0,0.0,0.0,0.0,0.0,0.0,0.0,0.0,0.0,0.0,0.0,0.0,0.0,0.0,0.0,0.0,0.0
13323.5216,47986.02,42688.12,429.220,44.1500,0.0,1258.19,233.590,257.530,97.8500,109.950,0.0,0.0,0.0,0.0,0.0,22.0500,0.0,90.9000,39.4000,0.0,0.0,0.0,0.0,0.0,53.9000,0.0,0.0,0.0,0.0,0.0,0.0,0.0,0.0,0.0,0.0,0.0,0.0,0.0,0.0,0.0,0.0,0.0,0.0,0.0,0.0,0.0,0.0,0.0,0.0,0.0,0.0,0.0,0.0,0.0,0.0,0.0,0.0,0.0,0.0,0.0,0.0,0.0,0.0,0.0,0.0,60.3100,15.4,0.0,0.0,0.0,0.0
13336.304,47991.02,42688.12,247.320,0.0,0.0,832.790,110.130,128.740,85.1200,0.0,0.0,0.0,30.4,0.0,0.0,69.8400,0.0,187.240,34.9700,0.0,0.0,0.0,0.0,0.0,150.670,0.0,0.0,75.4000,0.0,0.0,0.0,0.0,0.0,0.0,0.0,57.4500,0.0,0.0,32.2000,0.0,0.0,18.75,0.0,0.0,0.0,0.0,0.0,0.0,0.0,0.0,0.0,0.0,0.0,0.0,0.0,0.0,0.0,0.0,0.0,0.0,0.0,0.0,0.0,0.0,0.0,0.0,0.0,0.0,0.0,0.0,0.0
13348.0212,47996.02,42688.12,278.770,0.0,0.0,1728.63,202.320,648.780,52.4600,0.0,0.0,0.0,60.8000,49.1400,0.0,0.0,0.0,56.9400,55.0100,0.0,0.0,0.0,0.0,0.0,99.93,0.0,0.0,0.0,0.0,0.0,0.0,0.0,0.0,0.0,0.0,0.0,18.2000,0.0,0.0,0.0,0.0,0.0,0.0,0.0,0.0,0.0,0.0,0.0,0.0,0.0,0.0,0.0,0.0,0.0,0.0,0.0,0.0,0.0,0.0,0.0,0.0,0.0,0.0,0.0,0.0,0.0,0.0,0.0,0.0,0.0,0.0
13360.8036,48001.02,42688.12,204.850,0.0,0.0,1229.87,82.0,772.570,48.0,0.0,0.0,0.0,0.0,0.0,0.0,49.2800,0.0,88.0300,109.100,0.0,0.0,0.0,0.0,0.0,51.0500,0.0,0.0,11.75,0.0,0.0,0.0,0.0,0.0,0.0,0.0,0.0,45.5,0.0,0.0,30.3200,11.75,0.0,0.0,0.0,0.0,0.0,0.0,0.0,0.0,0.0,0.0,0.0,0.0,0.0,0.0,0.0,0.0,0.0,0.0,0.0,0.0,0.0,0.0,0.0,0.0,0.0,0.0,0.0,0.0,0.0,0.0
13373.586,48006.02,42688.12,124.160,57.3700,0.0,926.290,340.5,688.540,27.4400,0.0,0.0,0.0,0.0,0.0,0.0,45.6200,73.3600,92.3000,23.4400,24.5,0.0,0.0,0.0,0.0,181.020,0.0,26.65,12.35,0.0,0.0,0.0,0.0,0.0,0.0,8.56000,0.0,0.0,0.0,48.2000,54.7000,0.0,0.0,0.0,0.0,0.0,0.0,0.0,0.0,0.0,0.0,0.0,0.0,0.0,0.0,0.0,0.0,0.0,0.0,0.0,0.0,0.0,0.0,0.0,0.0,0.0,0.0,0.0,0.0,0.0,0.0,0.0
13386.3684,48011.02,42688.12,197.560,0.0,0.0,1591.66,219.700,203.320,17.35,17.76,0.0,0.0,0.0,0.0,0.0,18.4400,117.040,165.320,14.5,0.0,0.0,0.0,0.0,0.0,59.6400,25.2800,38.2200,26.57,0.0,0.0,0.0,0.0,0.0,0.0,0.0,48.3000,0.0,0.0,0.0,0.0,0.0,0.0,14.55,0.0,0.0,0.0,0.0,0.0,0.0,0.0,0.0,0.0,0.0,0.0,0.0,0.0,0.0,0.0,0.0,0.0,0.0,0.0,0.0,0.0,0.0,0.0,0.0,0.0,0.0,0.0,0.0
13398.0856,48016.02,42688.12,54.0300,73.4500,0.0,1196.19,241.390,365.810,0.0,24.3000,0.0,0.0,0.0,0.0,0.0,161.090,0.0,42.32,62.02,0.0,0.0,0.0,0.0,0.0,16.08,0.0,0.0,21.5500,0.0,0.0,0.0,0.0,0.0,0.0,0.0,0.0,0.0,0.0,0.0,0.0,0.0,40.9000,0.0,0.0,0.0,0.0,0.0,0.0,0.0,0.0,0.0,0.0,0.0,0.0,0.0,0.0,0.0,0.0,0.0,0.0,0.0,0.0,0.0,0.0,0.0,0.0,0.0,0.0,0.0,0.0,0.0
13410.868,48021.02,42688.12,567.170,50.8300,0.0,1663.65,43.2200,525.940,27.73,16.92,0.0,0.0,28.1,0.0,0.0,116.620,0.0,41.2100,59.82,0.0,0.0,0.0,0.0,0.0,0.0,0.0,0.0,0.0,0.0,0.0,0.0,0.0,0.0,0.0,0.0,0.0,0.0,0.0,0.0,0.0,0.0,0.0,0.0,0.0,0.0,0.0,0.0,0.0,0.0,0.0,0.0,0.0,0.0,0.0,0.0,0.0,0.0,0.0,0.0,0.0,0.0,0.0,0.0,29.2800,0.0,0.0,0.0,0.0,0.0,0.0,0.0
13423.6504,48026.02,42688.12,27.6200,0.0,0.0,1703.29,347.830,331.060,0.0,0.0,0.0,0.0,0.0,104.020,0.0,14.65,0.0,162.460,55.2900,40.6500,0.0,0.0,0.0,0.0,13.5,0.0,121.280,41.3000,0.0,0.0,0.0,0.0,0.0,0.0,0.0,89.3100,0.0,0.0,0.0,0.0,0.0,0.0,0.0,0.0,0.0,0.0,0.0,0.0,51.4500,0.0,0.0,0.0,0.0,0.0,0.0,0.0,0.0,0.0,0.0,0.0,27.48,0.0,0.0,0.0,0.0,0.0,0.0,0.0,0.0,0.0,0.0
13435.3676,48031.02,42688.12,160.950,24.9,0.0,1977.89,511.230,644.310,0.0,19.24,0.0,0.0,0.0,0.0,0.0,188.730,0.0,23.7000,60.8000,0.0,0.0,0.0,0.0,0.0,0.0,0.0,0.0,0.0,0.0,0.0,0.0,0.0,0.0,0.0,0.0,0.0,0.0,0.0,0.0,0.0,0.0,0.0,0.0,0.0,0.0,0.0,0.0,0.0,0.0,0.0,0.0,0.0,0.0,0.0,0.0,0.0,0.0,0.0,0.0,0.0,0.0,0.0,13.4,0.0,0.0,0.0,0.0,0.0,0.0,0.0,24.5
13448.15,48036.02,42688.12,121.090,0.0,0.0,2532.40,221.220,254.050,0.0,0.0,0.0,0.0,49.9500,0.0,0.0,95.7000,0.0,89.5300,50.8300,0.0,0.0,0.0,0.0,0.0,12.16,0.0,34.5400,0.0,0.0,0.0,0.0,0.0,0.0,0.0,0.0,0.0,0.0,0.0,0.0,0.0,0.0,0.0,0.0,0.0,0.0,0.0,0.0,0.0,0.0,0.0,0.0,0.0,0.0,0.0,0.0,0.0,0.0,0.0,10.2800,0.0,0.0,0.0,0.0,0.0,0.0,0.0,0.0,0.0,0.0,0.0,0.0
13460.9324,48041.02,42688.12,151.170,19.4,0.0,1693.15,208.580,609.850,0.0,0.0,0.0,0.0,17.9500,0.0,0.0,0.0,22.75,73.8000,0.0,0.0,0.0,0.0,0.0,0.0,21.9700,0.0,25.3000,74.3400,0.0,0.0,0.0,0.0,55.5,0.0,0.0,63.4500,0.0,0.0,67.9800,0.0,0.0,0.0,0.0,0.0,0.0,0.0,0.0,35.9000,0.0,0.0,0.0,0.0,0.0,0.0,0.0,0.0,0.0,0.0,0.0,0.0,0.0,0.0,0.0,0.0,0.0,0.0,0.0,0.0,0.0,0.0,0.0
13473.7148,48046.02,42688.12,154.190,0.0,19.8000,1330.95,356.410,543.660,10.12,0.0,0.0,0.0,0.0,0.0,0.0,116.350,36.4000,44.3500,10.3,0.0,0.0,0.0,0.0,0.0,32.48,0.0,0.0,154.730,0.0,0.0,107.940,0.0,0.0,0.0,0.0,100.350,0.0,0.0,0.0,17.48,0.0,0.0,0.0,0.0,0.0,0.0,0.0,0.0,0.0,0.0,0.0,0.0,0.0,0.0,0.0,0.0,0.0,0.0,0.0,0.0,0.0,0.0,0.0,0.0,0.0,0.0,0.0,0.0,0.0,0.0,0.0
13485.432,48051.02,42688.12,250.310,21.3000,0.0,1197.07,216.170,609.0,80.7000,0.0,0.0,0.0,0.0,0.0,0.0,69.4500,0.0,121.210,29.76,0.0,18.15,0.0,0.0,0.0,41.1500,0.0,0.0,14.9,0.0,0.0,0.0,0.0,0.0,0.0,0.0,0.0,0.0,0.0,27.0400,0.0,0.0,33.16,0.0,0.0,0.0,0.0,0.0,0.0,0.0,0.0,0.0,0.0,0.0,0.0,0.0,0.0,30.9400,0.0,0.0,0.0,0.0,0.0,0.0,0.0,0.0,0.0,0.0,0.0,0.0,0.0,0.0
13498.2144,48056.02,42688.12,318.530,0.0,0.0,889.960,360.890,346.700,112.550,33.57,0.0,0.0,0.0,0.0,0.0,43.5,0.0,122.940,0.0,0.0,0.0,0.0,0.0,0.0,168.740,19.9600,0.0,0.0,14.1,0.0,0.0,0.0,0.0,0.0,0.0,37.3500,0.0,0.0,62.9200,0.0,0.0,0.0,0.0,0.0,0.0,0.0,0.0,0.0,0.0,0.0,0.0,0.0,0.0,11.48,0.0,0.0,0.0,0.0,0.0,0.0,0.0,0.0,0.0,0.0,0.0,0.0,0.0,0.0,0.0,0.0,0.0
13510.9968,48061.02,42688.12,192.630,0.0,0.0,367.020,318.280,426.630,0.0,20.4500,0.0,0.0,0.0,11.5,0.0,127.640,0.0,84.0,48.07,0.0,0.0,0.0,0.0,0.0,46.8000,0.0,0.0,13.0400,0.0,0.0,0.0,0.0,0.0,0.0,0.0,34.0500,0.0,0.0,15.65,0.0,0.0,0.0,0.0,0.0,73.6500,0.0,0.0,0.0,0.0,0.0,0.0,0.0,0.0,28.7000,0.0,0.0,0.0,0.0,0.0,0.0,0.0,0.0,0.0,0.0,0.0,0.0,0.0,0.0,0.0,0.0,0.0
13523.7792,48066.02,42688.12,68.5900,0.0,0.0,1786.99,91.75,294.550,40.18,0.0,0.0,0.0,0.0,18.4,0.0,29.84,22.0,108.770,0.0,0.0,0.0,0.0,0.0,0.0,24.6400,0.0,24.3000,0.0,0.0,0.0,0.0,0.0,0.0,0.0,0.0,0.0,0.0,0.0,68.7700,0.0,0.0,48.8500,0.0,0.0,0.0,0.0,0.0,0.0,0.0,0.0,0.0,0.0,0.0,0.0,0.0,0.0,0.0,0.0,0.0,0.0,0.0,0.0,0.0,0.0,0.0,0.0,0.0,0.0,0.0,0.0,0.0
13535.4964,48071.02,42688.12,195.010,0.0,0.0,2481.02,317.070,69.7200,96.4900,0.0,0.0,0.0,0.0,0.0,0.0,0.0,44.0,8.16,0.0,0.0,0.0,0.0,0.0,0.0,0.0,0.0,0.0,106.93,0.0,0.0,0.0,0.0,0.0,0.0,0.0,0.0,0.0,0.0,0.0,0.0,0.0,21.8000,0.0,0.0,0.0,0.0,0.0,0.0,0.0,0.0,0.0,0.0,0.0,0.0,72.75,0.0,0.0,0.0,0.0,0.0,0.0,0.0,0.0,0.0,0.0,0.0,0.0,0.0,0.0,0.0,0.0
13548.2788,48076.02,42688.12,126.020,0.0,0.0,413.460,148.030,200.020,88.2000,0.0,0.0,0.0,0.0,0.0,0.0,20.4500,0.0,60.8300,55.0500,0.0,0.0,0.0,0.0,0.0,0.0,0.0,0.0,0.0,0.0,0.0,0.0,0.0,0.0,0.0,0.0,19.3000,0.0,0.0,0.0,0.0,32.32,0.0,0.0,0.0,0.0,0.0,0.0,0.0,0.0,0.0,0.0,0.0,0.0,0.0,0.0,0.0,0.0,0.0,0.0,0.0,0.0,0.0,0.0,0.0,0.0,10.7200,27.6,0.0,0.0,0.0,0.0
13561.0612,48081.02,42688.12,160.160,0.0,0.0,1331.61,42.1400,291.940,9.05,18.9,0.0,0.0,0.0,0.0,0.0,53.3000,34.5800,59.0,152.540,0.0,0.0,0.0,0.0,0.0,18.2000,0.0,0.0,60.3000,0.0,0.0,0.0,0.0,0.0,0.0,0.0,0.0,0.0,0.0,0.0,0.0,0.0,0.0,0.0,0.0,0.0,0.0,0.0,0.0,0.0,0.0,0.0,0.0,0.0,0.0,0.0,0.0,0.0,0.0,0.0,0.0,0.0,0.0,0.0,0.0,0.0,26.8000,0.0,0.0,25.6,0.0,0.0
13573.8436,48086.02,42688.12,233.360,0.0,0.0,1608.04,152.570,21.84,26.6300,0.0,0.0,0.0,0.0,0.0,0.0,18.8000,0.0,35.25,74.7400,0.0,0.0,0.0,0.0,0.0,0.0,0.0,0.0,0.0,0.0,0.0,0.0,0.0,0.0,24.65,0.0,24.84,0.0,0.0,12.85,31.59,0.0,14.0,0.0,0.0,0.0,0.0,22.8000,0.0,0.0,0.0,0.0,0.0,30.0,0.0,0.0,0.0,0.0,0.0,0.0,0.0,0.0,0.0,0.0,0.0,0.0,0.0,0.0,0.0,40.9600,0.0,0.0
13585.5608,48091.02,42688.12,354.650,0.0,0.0,1709.23,311.420,355.620,50.3000,0.0,0.0,0.0,0.0,0.0,0.0,26.3900,0.0,43.4900,11.12,0.0,0.0,0.0,0.0,0.0,0.0,0.0,25.84,113.700,0.0,0.0,0.0,0.0,0.0,49.3000,49.6300,0.0,0.0,0.0,0.0,0.0,0.0,0.0,0.0,0.0,0.0,0.0,0.0,0.0,0.0,0.0,26.6,0.0,0.0,0.0,0.0,0.0,0.0,0.0,0.0,0.0,0.0,0.0,0.0,0.0,0.0,0.0,0.0,0.0,0.0,0.0,0.0
13598.3432,48096.02,42688.12,194.800,0.0,0.0,1727.05,248.830,624.210,24.7000,0.0,0.0,0.0,0.0,0.0,0.0,21.0500,0.0,43.2000,27.8000,0.0,0.0,27.6900,35.9000,0.0,22.3600,0.0,0.0,46.7000,0.0,0.0,0.0,0.0,0.0,0.0,0.0,0.0,0.0,0.0,0.0,24.6,0.0,0.0,0.0,0.0,0.0,0.0,0.0,18.9500,20.1,0.0,0.0,0.0,0.0,0.0,0.0,0.0,0.0,0.0,0.0,0.0,0.0,0.0,0.0,0.0,0.0,0.0,0.0,0.0,0.0,0.0,0.0
13611.1256,48101.02,42688.12,299.640,0.0,0.0,529.590,298.900,373.600,16.68,0.0,0.0,0.0,0.0,0.0,0.0,98.1000,10.1,238.050,76.9400,0.0,0.0,0.0,35.9000,0.0,63.7000,0.0,0.0,0.0,0.0,0.0,0.0,0.0,0.0,0.0,0.0,10.55,0.0,0.0,0.0,0.0,0.0,0.0,0.0,0.0,0.0,0.0,0.0,18.9500,0.0,0.0,0.0,0.0,0.0,0.0,0.0,0.0,0.0,0.0,0.0,0.0,0.0,0.0,0.0,0.0,0.0,0.0,0.0,0.0,0.0,0.0,0.0
13623.908,48106.02,42688.12,341.680,15.92,0.0,2321.88,78.1000,506.570,28.5,0.0,0.0,0.0,0.0,0.0,0.0,248.220,21.15,45.5600,0.0,0.0,0.0,12.16,0.0,0.0,40.82,0.0,0.0,25.34,0.0,0.0,0.0,0.0,0.0,0.0,0.0,12.24,0.0,0.0,0.0,0.0,0.0,0.0,0.0,0.0,0.0,0.0,0.0,0.0,0.0,0.0,0.0,0.0,0.0,0.0,0.0,0.0,0.0,0.0,0.0,0.0,0.0,0.0,0.0,0.0,0.0,0.0,0.0,0.0,0.0,0.0,0.0
13635.6252,48111.02,42688.12,259.990,14.35,0.0,1895.91,264.540,499.610,84.1500,0.0,0.0,0.0,77.7400,0.0,0.0,74.1200,0.0,88.8600,40.8700,0.0,32.34,0.0,0.0,0.0,9.0,0.0,0.0,43.4200,0.0,0.0,0.0,0.0,0.0,0.0,0.0,0.0,0.0,0.0,35.23,0.0,0.0,0.0,0.0,0.0,0.0,0.0,0.0,0.0,0.0,0.0,0.0,0.0,0.0,0.0,0.0,0.0,0.0,0.0,0.0,0.0,0.0,0.0,0.0,0.0,0.0,0.0,0.0,0.0,0.0,0.0,0.0
13648.4076,48116.02,42688.12,203.210,0.0,0.0,699.230,259.360,763.360,19.8000,0.0,0.0,0.0,0.0,0.0,0.0,124.520,0.0,72.8000,31.07,0.0,0.0,0.0,0.0,0.0,0.0,0.0,0.0,77.4400,0.0,0.0,0.0,0.0,0.0,0.0,0.0,0.0,0.0,0.0,0.0,0.0,0.0,0.0,0.0,0.0,0.0,0.0,0.0,0.0,0.0,0.0,0.0,0.0,0.0,0.0,0.0,0.0,0.0,0.0,0.0,0.0,0.0,0.0,0.0,0.0,0.0,0.0,0.0,0.0,0.0,0.0,0.0
13661.19,48121.02,42688.12,570.240,0.0,0.0,680.780,423.470,1102.80,12.8,0.0,0.0,0.0,0.0,106.100,0.0,145.600,16.3000,77.9900,12.9600,0.0,0.0,0.0,0.0,0.0,72.4500,49.9500,35.2000,0.0,0.0,0.0,0.0,0.0,0.0,0.0,0.0,135.150,0.0,0.0,0.0,81.3400,0.0,0.0,0.0,0.0,0.0,0.0,0.0,0.0,0.0,16.3000,0.0,0.0,0.0,0.0,0.0,0.0,0.0,0.0,0.0,0.0,0.0,0.0,0.0,0.0,0.0,0.0,0.0,0.0,53.8000,0.0,0.0
13673.9724,48126.02,42688.12,519.410,0.0,0.0,2360.98,385.460,712.510,159.550,0.0,0.0,0.0,0.0,0.0,0.0,96.9600,50.6400,164.990,24.08,0.0,0.0,0.0,0.0,0.0,120.300,0.0,0.0,19.6,0.0,0.0,0.0,0.0,0.0,89.4000,94.6500,0.0,0.0,0.0,0.0,0.0,65.4000,0.0,0.0,0.0,0.0,0.0,0.0,0.0,0.0,26.0800,0.0,0.0,0.0,0.0,0.0,0.0,0.0,0.0,0.0,0.0,0.0,0.0,0.0,0.0,15.05,23.6400,0.0,0.0,0.0,0.0,0.0
13685.6896,48131.02,42688.12,177.130,0.0,0.0,1350.22,72.25,1024.98,44.6000,12.15,0.0,0.0,0.0,13.8,0.0,0.0,0.0,75.57,11.4400,0.0,13.0,0.0,0.0,0.0,236.350,35.3000,0.0,0.0,0.0,0.0,0.0,0.0,0.0,103.130,0.0,51.9900,0.0,60.4500,0.0,0.0,0.0,0.0,0.0,0.0,0.0,0.0,0.0,0.0,0.0,0.0,0.0,0.0,0.0,0.0,0.0,0.0,0.0,0.0,0.0,0.0,0.0,0.0,0.0,0.0,0.0,74.2000,0.0,0.0,0.0,0.0,0.0
13698.472,48136.02,42688.12,322.210,0.0,0.0,251.100,318.100,548.700,76.4000,26.9500,0.0,0.0,0.0,0.0,0.0,59.1500,0.0,43.57,7.64,0.0,32.5,0.0,0.0,0.0,15.77,0.0,0.0,53.4000,0.0,0.0,0.0,0.0,0.0,0.0,0.0,44.9000,0.0,0.0,30.9600,0.0,0.0,0.0,0.0,0.0,0.0,0.0,0.0,0.0,50.1000,16.8000,0.0,0.0,0.0,0.0,0.0,0.0,0.0,0.0,0.0,0.0,0.0,0.0,0.0,0.0,0.0,0.0,0.0,0.0,0.0,0.0,0.0
13711.2544,48141.02,42688.12,313.990,0.0,0.0,1611.35,359.520,390.460,77.3900,118.260,0.0,0.0,0.0,0.0,0.0,53.2000,9.85,86.82,10.4,0.0,0.0,0.0,0.0,0.0,24.8000,0.0,83.07,65.4500,0.0,0.0,0.0,0.0,0.0,0.0,18.6400,0.0,0.0,0.0,0.0,10.75,0.0,0.0,0.0,0.0,0.0,0.0,0.0,0.0,0.0,0.0,0.0,0.0,0.0,0.0,0.0,0.0,0.0,0.0,0.0,0.0,0.0,0.0,0.0,0.0,0.0,31.3000,0.0,0.0,0.0,0.0,0.0
13722.9716,48146.02,42688.12,639.990,0.0,0.0,1966.14,132.560,830.380,0.0,0.0,0.0,0.0,15.35,0.0,0.0,68.5500,108.220,117.710,17.25,0.0,0.0,0.0,0.0,0.0,130.480,0.0,0.0,66.9500,0.0,0.0,0.0,0.0,0.0,0.0,15.3,115.050,0.0,0.0,0.0,21.5,0.0,0.0,0.0,0.0,0.0,0.0,0.0,0.0,0.0,0.0,0.0,0.0,0.0,0.0,0.0,0.0,0.0,0.0,0.0,0.0,0.0,0.0,0.0,0.0,0.0,0.0,0.0,0.0,0.0,0.0,0.0
13735.754,48151.02,42688.12,663.380,0.0,0.0,971.330,275.380,556.960,33.8800,0.0,0.0,0.0,0.0,0.0,0.0,109.330,0.0,82.7700,53.68,0.0,0.0,0.0,0.0,0.0,28.08,0.0,0.0,0.0,0.0,0.0,0.0,0.0,0.0,0.0,0.0,97.5,0.0,0.0,32.0500,0.0,0.0,21.4500,0.0,0.0,0.0,0.0,0.0,0.0,0.0,0.0,0.0,0.0,13.7200,0.0,0.0,0.0,0.0,0.0,0.0,0.0,0.0,0.0,0.0,0.0,0.0,0.0,0.0,13.0400,0.0,0.0,0.0
13748.5364,48156.02,42688.12,441.970,0.0,0.0,3196.98,548.830,606.410,0.0,0.0,0.0,0.0,0.0,0.0,0.0,16.25,17.25,144.260,66.1900,0.0,0.0,0.0,0.0,0.0,0.0,0.0,17.9,11.8,0.0,0.0,0.0,0.0,0.0,0.0,0.0,140.120,0.0,0.0,0.0,0.0,0.0,0.0,0.0,0.0,0.0,0.0,0.0,0.0,0.0,0.0,0.0,0.0,0.0,0.0,0.0,0.0,0.0,0.0,0.0,0.0,0.0,0.0,0.0,53.5500,0.0,0.0,0.0,0.0,0.0,0.0,0.0
13761.3188,48161.02,42688.12,494.130,0.0,0.0,1837.91,233.220,318.710,37.7900,0.0,0.0,0.0,0.0,0.0,0.0,0.0,0.0,0.0,39.1900,0.0,0.0,0.0,0.0,0.0,35.4000,0.0,0.0,12.05,0.0,0.0,0.0,0.0,0.0,0.0,0.0,49.0,0.0,0.0,0.0,46.9000,0.0,0.0,0.0,0.0,0.0,0.0,0.0,0.0,0.0,0.0,0.0,0.0,0.0,0.0,0.0,0.0,0.0,14.9,0.0,0.0,0.0,0.0,0.0,0.0,0.0,0.0,0.0,0.0,0.0,0.0,0.0
13773.036,48166.02,42688.12,115.43,0.0,0.0,1687.20,63.3900,221.430,33.9000,0.0,0.0,0.0,0.0,0.0,0.0,109.550,0.0,14.9,69.9900,0.0,0.0,0.0,0.0,0.0,0.0,0.0,46.93,0.0,0.0,0.0,0.0,0.0,0.0,0.0,0.0,0.0,0.0,0.0,10.84,18.84,0.0,0.0,0.0,0.0,0.0,0.0,0.0,0.0,0.0,0.0,0.0,0.0,0.0,0.0,0.0,0.0,0.0,0.0,0.0,0.0,0.0,0.0,0.0,0.0,39.4500,0.0,0.0,0.0,0.0,0.0,0.0
13785.8184,48171.02,42688.12,159.75,0.0,0.0,3046.09,234.800,577.050,42.9000,40.9500,11.6,0.0,0.0,0.0,0.0,59.1000,0.0,200.960,24.84,0.0,0.0,0.0,0.0,0.0,10.88,0.0,0.0,97.1600,0.0,0.0,0.0,0.0,0.0,0.0,0.0,0.0,0.0,0.0,0.0,0.0,0.0,0.0,0.0,0.0,0.0,0.0,0.0,29.9600,0.0,0.0,0.0,0.0,0.0,0.0,0.0,0.0,0.0,0.0,0.0,0.0,0.0,0.0,0.0,0.0,0.0,0.0,0.0,0.0,0.0,0.0,0.0
13798.6008,48176.02,42688.12,498.330,0.0,66.6000,1374.39,114.350,479.890,26.0,72.0,0.0,0.0,0.0,0.0,0.0,71.3700,0.0,11.05,0.0,0.0,0.0,0.0,0.0,0.0,0.0,0.0,12.9,16.15,0.0,0.0,0.0,0.0,0.0,0.0,0.0,18.3000,0.0,0.0,46.02,0.0,0.0,8.56000,0.0,0.0,0.0,0.0,0.0,0.0,0.0,0.0,0.0,0.0,0.0,0.0,0.0,0.0,0.0,0.0,0.0,0.0,0.0,0.0,0.0,0.0,0.0,0.0,0.0,0.0,0.0,0.0,0.0
13811.3832,48181.02,42688.12,299.300,53.34,0.0,1283.39,283.880,577.320,70.2800,0.0,0.0,0.0,0.0,0.0,0.0,15.4,15.65,110.530,0.0,0.0,0.0,0.0,0.0,0.0,15.0,0.0,0.0,0.0,0.0,0.0,0.0,0.0,0.0,0.0,0.0,68.1300,0.0,0.0,23.0,0.0,0.0,0.0,0.0,0.0,0.0,0.0,0.0,0.0,75.9200,0.0,0.0,0.0,0.0,0.0,0.0,0.0,0.0,0.0,0.0,0.0,0.0,0.0,0.0,0.0,38.25,0.0,0.0,0.0,0.0,0.0,0.0
13823.1004,48186.02,42688.12,488.450,0.0,0.0,991.930,354.050,597.760,33.8500,0.0,0.0,0.0,0.0,0.0,0.0,0.0,31.3000,48.02,0.0,0.0,0.0,0.0,0.0,0.0,0.0,0.0,60.0,73.5500,0.0,0.0,0.0,0.0,0.0,0.0,24.2000,45.6000,0.0,0.0,0.0,0.0,0.0,36.25,0.0,0.0,38.2000,0.0,0.0,0.0,0.0,0.0,0.0,0.0,0.0,0.0,0.0,0.0,0.0,0.0,0.0,0.0,0.0,0.0,0.0,0.0,0.0,55.0500,0.0,0.0,0.0,0.0,0.0
13835.8828,48191.02,42688.12,166.130,0.0,0.0,1155.84,107.540,348.450,79.2700,18.85,0.0,0.0,0.0,0.0,0.0,35.68,0.0,37.18,0.0,0.0,0.0,0.0,0.0,0.0,27.0,0.0,75.3000,16.32,0.0,0.0,0.0,0.0,0.0,0.0,148.100,0.0,0.0,0.0,41.16,0.0,0.0,10.8,0.0,0.0,0.0,0.0,0.0,0.0,50.4000,0.0,0.0,0.0,0.0,0.0,0.0,0.0,0.0,0.0,0.0,10.2,0.0,0.0,0.0,0.0,0.0,0.0,0.0,0.0,0.0,0.0,0.0
13848.6652,48196.02,42688.12,720.010,13.6400,0.0,1068.20,106.470,976.790,79.1000,31.2000,0.0,0.0,0.0,0.0,0.0,23.24,0.0,44.9000,72.2300,0.0,0.0,0.0,0.0,0.0,27.8600,0.0,0.0,26.85,0.0,0.0,0.0,0.0,0.0,0.0,11.88,0.0,0.0,0.0,64.4000,0.0,0.0,0.0,0.0,0.0,0.0,0.0,0.0,0.0,16.0500,0.0,0.0,0.0,0.0,0.0,0.0,0.0,0.0,0.0,0.0,25.5,0.0,0.0,0.0,0.0,0.0,0.0,0.0,0.0,0.0,0.0,0.0
13861.4476,48201.02,42688.12,106.100,0.0,0.0,2071.85,411.740,676.380,108.650,0.0,0.0,0.0,0.0,0.0,0.0,0.0,0.0,111.900,20.9600,0.0,0.0,0.0,0.0,0.0,0.0,0.0,0.0,0.0,0.0,0.0,0.0,0.0,0.0,0.0,28.98,0.0,0.0,33.1500,145.880,0.0,44.52,0.0,0.0,0.0,0.0,0.0,0.0,0.0,0.0,0.0,0.0,0.0,0.0,0.0,0.0,0.0,0.0,0.0,0.0,0.0,0.0,0.0,0.0,0.0,0.0,0.0,0.0,0.0,23.1200,0.0,0.0
13873.1648,48206.02,42688.12,588.200,0.0,0.0,1979.23,490.470,352.600,80.0,0.0,0.0,0.0,0.0,0.0,0.0,9.2,9.72000,28.5,126.460,0.0,0.0,0.0,0.0,0.0,19.5,0.0,11.2800,0.0,0.0,0.0,0.0,0.0,0.0,0.0,0.0,54.1500,0.0,0.0,46.4200,0.0,0.0,0.0,0.0,0.0,0.0,0.0,0.0,0.0,0.0,48.6200,0.0,0.0,0.0,0.0,0.0,0.0,0.0,0.0,0.0,0.0,0.0,0.0,0.0,0.0,0.0,0.0,0.0,0.0,0.0,0.0,0.0
13885.9472,48211.02,42688.12,210.730,0.0,0.0,2670.24,382.930,758.210,36.2800,0.0,0.0,0.0,0.0,0.0,0.0,53.4200,0.0,38.8000,139.260,99.4500,0.0,0.0,0.0,0.0,42.3000,0.0,0.0,57.98,0.0,0.0,0.0,0.0,0.0,0.0,0.0,59.1000,0.0,0.0,0.0,15.6,0.0,0.0,0.0,0.0,0.0,0.0,0.0,0.0,0.0,0.0,0.0,0.0,0.0,0.0,0.0,0.0,0.0,0.0,0.0,0.0,0.0,0.0,0.0,0.0,0.0,0.0,0.0,0.0,0.0,0.0,0.0
13898.7296,48216.02,42688.12,439.950,0.0,0.0,1356.26,542.680,417.910,0.0,0.0,0.0,0.0,0.0,0.0,0.0,40.6900,0.0,104.110,76.7900,0.0,0.0,0.0,0.0,0.0,21.8800,0.0,0.0,67.1300,0.0,0.0,0.0,0.0,0.0,0.0,0.0,23.0300,0.0,0.0,104.850,0.0,15.6400,0.0,0.0,0.0,0.0,0.0,0.0,0.0,0.0,0.0,0.0,0.0,0.0,0.0,0.0,0.0,77.7000,0.0,0.0,0.0,0.0,0.0,0.0,0.0,0.0,0.0,0.0,0.0,0.0,0.0,77.4000
13911.512,48221.02,42688.12,376.690,77.7000,0.0,892.100,239.060,698.190,0.0,0.0,0.0,0.0,21.1,0.0,0.0,21.0400,0.0,0.0,16.16,0.0,0.0,19.25,0.0,0.0,0.0,0.0,14.44,29.2000,32.09,0.0,0.0,0.0,0.0,18.4400,0.0,30.1100,0.0,0.0,0.0,0.0,0.0,0.0,0.0,0.0,0.0,0.0,0.0,0.0,0.0,0.0,0.0,0.0,0.0,0.0,0.0,69.5400,0.0,0.0,0.0,0.0,0.0,0.0,0.0,0.0,0.0,0.0,0.0,0.0,0.0,0.0,0.0
13923.2292,48226.02,42688.12,130.200,85.0200,0.0,1732.30,187.460,735.130,111.25,0.0,0.0,0.0,0.0,0.0,0.0,29.5,0.0,106.210,0.0,0.0,0.0,0.0,0.0,0.0,12.76,0.0,25.8700,0.0,0.0,0.0,0.0,0.0,0.0,0.0,0.0,43.1000,0.0,0.0,0.0,0.0,0.0,0.0,0.0,0.0,0.0,0.0,0.0,0.0,0.0,0.0,0.0,0.0,0.0,0.0,0.0,0.0,0.0,0.0,16.15,0.0,0.0,0.0,0.0,0.0,18.2000,0.0,0.0,0.0,53.9500,0.0,0.0
13936.0116,48231.02,42688.12,565.460,0.0,0.0,1395.98,477.440,687.430,0.0,0.0,0.0,0.0,0.0,0.0,0.0,60.6000,0.0,41.2100,11.84,0.0,59.5500,0.0,0.0,0.0,0.0,0.0,13.12,226.530,0.0,0.0,0.0,0.0,0.0,0.0,0.0,0.0,0.0,0.0,0.0,0.0,0.0,0.0,0.0,0.0,0.0,0.0,0.0,0.0,0.0,0.0,0.0,0.0,0.0,0.0,45.7800,0.0,0.0,0.0,0.0,0.0,0.0,0.0,0.0,0.0,0.0,0.0,0.0,0.0,0.0,0.0,0.0
13948.794,48236.02,42688.12,342.640,0.0,0.0,2504.28,639.880,683.200,21.7000,15.65,0.0,0.0,0.0,0.0,0.0,47.6500,0.0,100.440,12.4,0.0,0.0,0.0,0.0,0.0,35.6000,0.0,0.0,12.8,0.0,0.0,0.0,0.0,0.0,0.0,0.0,0.0,0.0,0.0,0.0,0.0,45.3600,15.4,0.0,0.0,0.0,0.0,0.0,0.0,0.0,0.0,0.0,0.0,0.0,0.0,0.0,0.0,0.0,0.0,0.0,0.0,0.0,0.0,0.0,0.0,0.0,0.0,0.0,0.0,0.0,0.0,0.0
13961.5764,48241.02,42688.12,286.200,0.0,0.0,1788.28,261.880,538.820,122.5,0.0,0.0,0.0,0.0,0.0,0.0,116.700,35.1500,79.3700,32.4500,0.0,0.0,0.0,0.0,0.0,156.430,0.0,0.0,33.4400,0.0,0.0,0.0,0.0,0.0,0.0,0.0,0.0,0.0,0.0,0.0,0.0,0.0,12.92,0.0,0.0,0.0,0.0,0.0,32.1500,40.8800,0.0,0.0,0.0,0.0,0.0,0.0,0.0,0.0,0.0,0.0,0.0,0.0,0.0,0.0,0.0,0.0,75.7200,0.0,0.0,0.0,0.0,0.0
13973.2936,48246.02,42688.12,286.740,0.0,0.0,681.590,252.720,470.170,120.68,0.0,0.0,0.0,0.0,0.0,0.0,38.4700,49.2000,193.540,96.4500,0.0,0.0,31.6,0.0,0.0,43.7000,0.0,29.2800,0.0,0.0,0.0,0.0,0.0,0.0,0.0,56.23,0.0,0.0,0.0,0.0,0.0,0.0,58.2400,0.0,0.0,0.0,0.0,0.0,0.0,0.0,0.0,0.0,0.0,0.0,0.0,22.6400,0.0,0.0,0.0,0.0,0.0,16.4400,0.0,0.0,0.0,51.52,0.0,0.0,0.0,0.0,0.0,0.0
13986.076,48251.02,42688.12,143.630,0.0,0.0,1340.55,214.120,599.510,54.1500,0.0,0.0,0.0,0.0,0.0,0.0,207.150,0.0,36.3500,20.35,0.0,0.0,0.0,0.0,0.0,82.1000,119.700,32.7000,17.7000,0.0,0.0,0.0,0.0,0.0,0.0,57.2000,25.5,0.0,0.0,103.360,0.0,0.0,0.0,0.0,0.0,0.0,0.0,0.0,0.0,0.0,0.0,0.0,0.0,0.0,0.0,0.0,0.0,0.0,0.0,0.0,0.0,0.0,0.0,0.0,0.0,0.0,0.0,0.0,0.0,0.0,0.0,0.0
13998.8584,48256.02,42688.12,312.400,0.0,0.0,2410.41,415.320,759.760,0.0,0.0,58.2400,0.0,0.0,73.4500,0.0,27.6900,0.0,127.800,0.0,0.0,0.0,13.2,0.0,0.0,11.75,0.0,41.25,20.76,0.0,0.0,0.0,0.0,0.0,0.0,17.92,0.0,0.0,0.0,0.0,0.0,0.0,0.0,0.0,0.0,0.0,0.0,0.0,0.0,0.0,0.0,0.0,0.0,0.0,0.0,0.0,0.0,0.0,0.0,0.0,0.0,0.0,0.0,0.0,0.0,0.0,0.0,0.0,0.0,0.0,0.0,0.0
14010.5756,48261.02,42688.12,769.830,0.0,0.0,898.530,203.110,409.630,15.5,0.0,0.0,0.0,0.0,0.0,0.0,28.8000,0.0,81.1000,16.5,0.0,0.0,0.0,0.0,0.0,23.5,0.0,31.2200,0.0,0.0,0.0,0.0,0.0,0.0,0.0,0.0,11.35,0.0,0.0,0.0,43.7000,0.0,30.9,0.0,0.0,0.0,0.0,22.5,0.0,0.0,0.0,0.0,0.0,0.0,0.0,0.0,0.0,0.0,0.0,0.0,0.0,0.0,0.0,0.0,0.0,0.0,0.0,0.0,0.0,0.0,0.0,0.0
14023.358,48266.02,42688.12,515.300,66.43,18.16,812.770,469.640,716.630,50.1700,0.0,0.0,16.0400,0.0,0.0,0.0,0.0,0.0,259.050,32.8900,0.0,0.0,0.0,0.0,0.0,52.8000,0.0,0.0,62.27,0.0,0.0,0.0,0.0,0.0,0.0,0.0,0.0,0.0,0.0,12.55,0.0,0.0,0.0,0.0,0.0,0.0,0.0,45.0,0.0,0.0,0.0,0.0,0.0,0.0,0.0,0.0,0.0,0.0,0.0,0.0,0.0,0.0,0.0,0.0,0.0,0.0,0.0,0.0,0.0,0.0,0.0,0.0
14036.1404,48271.02,42688.12,235.700,0.0,0.0,1953.01,31.4500,261.030,14.25,42.3500,0.0,40.1000,0.0,0.0,0.0,30.2900,0.0,45.8900,44.75,0.0,0.0,0.0,0.0,0.0,20.8000,0.0,0.0,0.0,0.0,0.0,0.0,0.0,0.0,0.0,0.0,0.0,11.6,0.0,85.8000,0.0,19.68,0.0,0.0,0.0,0.0,0.0,0.0,0.0,0.0,0.0,0.0,0.0,0.0,0.0,0.0,9.28000,0.0,0.0,0.0,0.0,0.0,0.0,0.0,0.0,0.0,0.0,0.0,0.0,0.0,0.0,0.0
14048.9228,48276.02,42688.12,264.720,0.0,0.0,1263.46,226.820,756.170,43.2600,0.0,0.0,0.0,0.0,103.610,0.0,37.6700,0.0,404.280,123.900,0.0,0.0,0.0,0.0,0.0,75.2100,0.0,0.0,0.0,0.0,0.0,0.0,0.0,0.0,0.0,0.0,0.0,0.0,40.0500,0.0,0.0,0.0,0.0,0.0,0.0,0.0,0.0,0.0,0.0,0.0,0.0,0.0,0.0,0.0,0.0,0.0,0.0,0.0,0.0,0.0,0.0,0.0,0.0,0.0,0.0,0.0,0.0,0.0,0.0,0.0,0.0,0.0
14060.64,48281.02,42688.12,184.650,0.0,0.0,1330.24,300.530,882.800,30.5500,0.0,0.0,0.0,0.0,0.0,0.0,39.5,0.0,11.76,80.1000,0.0,0.0,0.0,0.0,0.0,15.9,0.0,0.0,31.3700,0.0,0.0,0.0,0.0,0.0,0.0,0.0,35.3600,0.0,80.1000,96.6000,0.0,0.0,0.0,0.0,0.0,0.0,0.0,0.0,0.0,0.0,0.0,0.0,0.0,0.0,0.0,0.0,0.0,0.0,0.0,0.0,0.0,0.0,0.0,0.0,0.0,113.100,0.0,0.0,0.0,0.0,0.0,0.0
14073.4224,48286.02,42688.12,208.600,0.0,0.0,380.910,234.140,184.420,15.15,0.0,0.0,0.0,0.0,0.0,0.0,138.720,0.0,267.340,77.9600,0.0,0.0,0.0,0.0,0.0,21.9600,0.0,20.32,0.0,0.0,0.0,0.0,0.0,0.0,0.0,20.2000,89.4000,0.0,0.0,10.2,0.0,0.0,0.0,0.0,0.0,12.0,0.0,0.0,0.0,0.0,0.0,0.0,0.0,0.0,21.35,0.0,0.0,0.0,0.0,0.0,0.0,0.0,0.0,0.0,0.0,0.0,0.0,0.0,0.0,0.0,0.0,0.0
14086.2048,48291.02,42688.12,599.540,16.15,0.0,1119.06,172.270,532.580,0.0,0.0,0.0,0.0,0.0,0.0,0.0,31.0500,0.0,63.32,0.0,0.0,0.0,0.0,0.0,0.0,23.0,0.0,0.0,0.0,0.0,0.0,0.0,0.0,0.0,0.0,0.0,0.0,0.0,0.0,0.0,18.35,0.0,41.4000,0.0,0.0,0.0,0.0,0.0,0.0,50.9600,0.0,0.0,0.0,0.0,0.0,0.0,0.0,0.0,0.0,0.0,0.0,0.0,0.0,0.0,0.0,0.0,0.0,0.0,0.0,0.0,0.0,0.0
14098.9872,48296.02,42688.12,581.400,0.0,0.0,782.360,233.230,704.260,47.2100,0.0,0.0,0.0,0.0,0.0,0.0,190.120,91.2600,57.2600,53.0600,0.0,0.0,0.0,0.0,0.0,13.88,0.0,0.0,0.0,0.0,0.0,0.0,0.0,0.0,0.0,0.0,0.0,0.0,0.0,36.25,29.3600,0.0,0.0,0.0,0.0,0.0,0.0,0.0,0.0,0.0,0.0,0.0,0.0,0.0,0.0,0.0,0.0,0.0,0.0,0.0,0.0,0.0,0.0,0.0,0.0,0.0,0.0,0.0,0.0,0.0,0.0,0.0
14110.7044,48301.02,42688.12,489.620,45.3600,0.0,1869.38,276.810,342.780,0.0,0.0,0.0,0.0,0.0,0.0,0.0,27.57,30.1,142.340,25.85,0.0,0.0,0.0,0.0,0.0,0.0,0.0,46.5400,0.0,0.0,0.0,0.0,0.0,0.0,0.0,0.0,28.4600,0.0,0.0,0.0,0.0,105.560,0.0,0.0,0.0,0.0,0.0,0.0,0.0,0.0,0.0,0.0,0.0,0.0,0.0,0.0,0.0,0.0,0.0,0.0,0.0,0.0,0.0,0.0,0.0,0.0,0.0,0.0,0.0,116.480,0.0,0.0
14123.4868,48306.02,42688.12,215.090,0.0,0.0,264.830,93.5,74.8800,206.490,34.7000,0.0,0.0,0.0,0.0,0.0,14.32,0.0,12.4400,30.0,0.0,0.0,0.0,0.0,0.0,0.0,0.0,0.0,31.7000,0.0,0.0,0.0,0.0,0.0,0.0,0.0,12.8,0.0,0.0,0.0,0.0,0.0,0.0,0.0,0.0,0.0,0.0,0.0,0.0,0.0,0.0,0.0,0.0,0.0,0.0,0.0,0.0,0.0,0.0,0.0,0.0,0.0,0.0,0.0,0.0,0.0,0.0,0.0,0.0,0.0,0.0,0.0
14136.2692,48311.02,42688.12,377.190,45.5,0.0,1115.20,359.820,422.280,83.4000,0.0,0.0,0.0,0.0,0.0,0.0,133.200,9.16,60.5,21.65,0.0,0.0,0.0,0.0,0.0,22.75,0.0,34.7200,115.880,0.0,0.0,0.0,0.0,0.0,0.0,0.0,0.0,0.0,0.0,0.0,0.0,0.0,30.16,0.0,0.0,0.0,0.0,0.0,0.0,0.0,0.0,26.9200,0.0,0.0,0.0,0.0,0.0,0.0,0.0,0.0,0.0,0.0,0.0,0.0,0.0,0.0,0.0,0.0,0.0,0.0,0.0,0.0
14149.0516,48316.02,42688.12,476.5,50.0,0.0,1027.22,248.340,741.630,73.5500,17.0,0.0,0.0,0.0,0.0,0.0,13.08,33.32,119.890,34.6400,0.0,0.0,0.0,0.0,0.0,61.0,0.0,0.0,26.8800,0.0,0.0,0.0,0.0,0.0,0.0,0.0,0.0,0.0,0.0,0.0,19.65,0.0,16.9,0.0,0.0,0.0,0.0,0.0,0.0,0.0,0.0,0.0,15.88,0.0,0.0,0.0,0.0,0.0,0.0,0.0,0.0,0.0,0.0,0.0,0.0,0.0,0.0,0.0,0.0,0.0,0.0,0.0
14160.7688,48321.02,42688.12,243.980,100.0,0.0,1388.38,47.6400,111.270,21.9600,0.0,0.0,0.0,0.0,0.0,0.0,0.0,15.2800,210.060,11.3,0.0,0.0,0.0,0.0,0.0,0.0,0.0,62.8500,91.1300,0.0,0.0,0.0,0.0,0.0,0.0,0.0,0.0,0.0,0.0,0.0,39.3000,0.0,33.8000,0.0,64.2200,0.0,0.0,0.0,0.0,0.0,0.0,0.0,0.0,0.0,0.0,0.0,0.0,0.0,0.0,0.0,0.0,0.0,0.0,0.0,0.0,0.0,0.0,0.0,0.0,0.0,0.0,0.0
14173.5512,48326.02,42688.12,202.240,0.0,0.0,1887.24,129.270,560.880,15.95,0.0,0.0,0.0,0.0,0.0,0.0,0.0,38.2000,9.0,0.0,0.0,0.0,25.6,0.0,0.0,23.3800,0.0,58.0500,31.35,0.0,0.0,72.9000,0.0,0.0,0.0,0.0,103.75,16.15,0.0,0.0,0.0,32.4000,0.0,0.0,0.0,0.0,0.0,0.0,0.0,0.0,0.0,0.0,0.0,0.0,0.0,0.0,0.0,0.0,0.0,0.0,0.0,0.0,0.0,0.0,0.0,0.0,0.0,0.0,0.0,0.0,0.0,0.0
14186.3336,48331.02,42688.12,466.700,0.0,0.0,1841.40,35.4000,263.200,48.5,21.25,0.0,0.0,0.0,0.0,0.0,36.3500,0.0,140.150,12.3,0.0,0.0,24.4500,0.0,0.0,0.0,0.0,0.0,0.0,0.0,0.0,0.0,0.0,0.0,0.0,11.1,97.2000,0.0,0.0,0.0,11.7,0.0,0.0,0.0,0.0,0.0,0.0,0.0,0.0,0.0,0.0,0.0,0.0,0.0,0.0,0.0,0.0,0.0,0.0,0.0,0.0,0.0,0.0,84.1500,0.0,12.15,11.35,0.0,0.0,0.0,0.0,0.0
14199.116,48336.02,42688.12,586.890,0.0,0.0,205.580,167.120,327.280,128.180,45.9200,0.0,0.0,0.0,64.68,0.0,0.0,70.8000,218.100,43.23,0.0,0.0,0.0,0.0,0.0,18.1,0.0,0.0,12.8,0.0,0.0,0.0,0.0,0.0,0.0,0.0,0.0,0.0,0.0,0.0,0.0,0.0,35.3000,0.0,0.0,0.0,0.0,0.0,0.0,0.0,0.0,0.0,0.0,0.0,0.0,0.0,0.0,0.0,0.0,0.0,0.0,0.0,0.0,0.0,0.0,0.0,0.0,0.0,16.5,0.0,0.0,0.0
14210.8332,48341.02,42688.12,317.570,0.0,0.0,1554.5,900.820,287.100,9.92,0.0,0.0,0.0,0.0,0.0,0.0,62.16,0.0,103.200,15.8,0.0,0.0,0.0,0.0,0.0,45.6300,0.0,0.0,0.0,0.0,0.0,0.0,0.0,0.0,0.0,0.0,19.0,0.0,0.0,0.0,0.0,0.0,61.8800,0.0,0.0,0.0,0.0,0.0,0.0,0.0,0.0,0.0,0.0,0.0,0.0,0.0,0.0,0.0,0.0,0.0,0.0,0.0,0.0,0.0,0.0,0.0,0.0,0.0,0.0,0.0,0.0,0.0
14223.6156,48346.02,42688.12,348.75,0.0,0.0,562.25,114.25,484.310,22.85,0.0,0.0,0.0,0.0,0.0,0.0,52.7400,17.9500,0.0,45.6300,0.0,0.0,12.64,0.0,0.0,0.0,0.0,32.5500,42.6000,0.0,0.0,0.0,0.0,0.0,0.0,0.0,0.0,0.0,0.0,0.0,0.0,0.0,0.0,0.0,0.0,0.0,0.0,0.0,0.0,0.0,0.0,0.0,0.0,0.0,0.0,0.0,0.0,0.0,0.0,0.0,0.0,0.0,0.0,0.0,0.0,0.0,0.0,0.0,0.0,0.0,0.0,0.0
14236.398,48351.02,42688.12,84.8600,0.0,0.0,1414.85,168.0,363.780,36.5600,29.0500,0.0,0.0,0.0,0.0,0.0,30.83,58.5500,53.4600,89.0,0.0,0.0,0.0,0.0,0.0,0.0,0.0,0.0,0.0,0.0,0.0,0.0,0.0,0.0,0.0,0.0,0.0,0.0,0.0,0.0,0.0,23.5500,0.0,0.0,0.0,0.0,0.0,0.0,0.0,0.0,0.0,0.0,0.0,0.0,0.0,0.0,0.0,0.0,0.0,0.0,0.0,0.0,0.0,0.0,0.0,0.0,0.0,0.0,0.0,0.0,0.0,0.0
14249.1804,48356.02,42688.12,406.0,0.0,0.0,1560.18,390.590,797.240,13.0400,78.68,0.0,0.0,0.0,0.0,0.0,0.0,73.32,119.440,0.0,0.0,0.0,0.0,0.0,0.0,0.0,0.0,0.0,0.0,0.0,0.0,0.0,12.48,0.0,0.0,0.0,0.0,44.1000,0.0,39.4000,32.7000,0.0,0.0,0.0,0.0,0.0,0.0,0.0,0.0,0.0,84.5,0.0,0.0,0.0,0.0,0.0,0.0,0.0,0.0,0.0,0.0,0.0,0.0,0.0,0.0,0.0,0.0,0.0,0.0,0.0,0.0,0.0
14260.8976,48361.02,42688.12,424.330,14.45,0.0,1794.82,671.420,870.75,37.0500,16.85,0.0,0.0,0.0,0.0,0.0,0.0,0.0,84.7600,89.6100,0.0,0.0,20.4,0.0,0.0,96.4600,0.0,0.0,115.950,0.0,0.0,0.0,0.0,0.0,0.0,0.0,0.0,0.0,0.0,0.0,0.0,0.0,0.0,0.0,0.0,0.0,0.0,0.0,0.0,0.0,0.0,0.0,17.16,0.0,0.0,0.0,0.0,0.0,0.0,20.4,0.0,29.8800,0.0,0.0,0.0,0.0,0.0,0.0,0.0,0.0,0.0,0.0
14273.68,48366.02,42688.12,206.700,22.75,0.0,623.770,303.490,510.520,14.08,0.0,0.0,0.0,0.0,0.0,0.0,15.85,0.0,15.5,35.9200,0.0,0.0,0.0,0.0,0.0,0.0,0.0,0.0,17.85,0.0,0.0,0.0,0.0,0.0,0.0,0.0,48.75,0.0,0.0,52.3500,0.0,22.2800,0.0,0.0,0.0,0.0,0.0,0.0,0.0,0.0,0.0,0.0,42.9000,0.0,0.0,0.0,0.0,0.0,0.0,0.0,0.0,0.0,0.0,25.3600,0.0,0.0,0.0,0.0,71.4000,0.0,0.0,0.0
14286.4624,48371.02,42688.12,447.090,0.0,0.0,616.780,242.470,222.090,20.35,0.0,0.0,0.0,0.0,0.0,0.0,88.5400,0.0,141.5,123.620,0.0,0.0,0.0,0.0,0.0,0.0,0.0,28.2800,33.4600,0.0,0.0,0.0,0.0,0.0,0.0,0.0,0.0,0.0,0.0,0.0,0.0,0.0,0.0,0.0,0.0,0.0,0.0,0.0,0.0,0.0,21.85,0.0,0.0,0.0,0.0,0.0,0.0,0.0,0.0,0.0,0.0,0.0,0.0,0.0,0.0,0.0,0.0,0.0,0.0,0.0,0.0,0.0
14298.1796,48376.02,42688.12,78.6500,95.9000,0.0,2206.55,403.950,305.900,0.0,0.0,0.0,0.0,0.0,39.9500,0.0,43.6500,0.0,0.0,14.05,0.0,0.0,0.0,0.0,0.0,0.0,0.0,0.0,0.0,0.0,0.0,0.0,0.0,0.0,0.0,0.0,15.1,0.0,0.0,0.0,0.0,0.0,0.0,0.0,0.0,0.0,0.0,0.0,0.0,0.0,0.0,0.0,0.0,0.0,0.0,0.0,0.0,0.0,0.0,0.0,0.0,0.0,0.0,0.0,0.0,0.0,0.0,0.0,0.0,0.0,0.0,0.0
14310.962,48381.02,42688.12,303.700,70.6300,0.0,1170.68,150.150,176.600,12.2,0.0,0.0,0.0,0.0,79.9000,0.0,90.0500,0.0,19.2900,65.1300,0.0,0.0,0.0,0.0,0.0,54.6000,0.0,0.0,0.0,11.4400,0.0,0.0,0.0,0.0,0.0,0.0,13.0,0.0,14.4,0.0,0.0,0.0,0.0,0.0,0.0,0.0,0.0,0.0,0.0,0.0,0.0,0.0,0.0,0.0,0.0,0.0,0.0,0.0,0.0,0.0,0.0,0.0,0.0,0.0,0.0,7.92,0.0,0.0,0.0,0.0,0.0,0.0
14323.7444,48386.02,42688.12,541.240,0.0,0.0,1745.62,592.850,566.740,34.3000,0.0,0.0,0.0,41.0800,0.0,0.0,341.350,0.0,71.2600,0.0,23.15,0.0,0.0,0.0,0.0,0.0,0.0,0.0,0.0,0.0,0.0,0.0,0.0,0.0,0.0,0.0,0.0,0.0,36.0,0.0,0.0,0.0,0.0,0.0,0.0,0.0,0.0,0.0,0.0,0.0,0.0,0.0,0.0,0.0,0.0,0.0,0.0,0.0,0.0,0.0,0.0,0.0,0.0,0.0,0.0,0.0,18.25,0.0,0.0,0.0,0.0,0.0
14336.5268,48391.02,42688.12,270.170,0.0,0.0,1202.60,299.780,254.280,76.3500,0.0,0.0,0.0,0.0,0.0,0.0,590.940,57.4000,0.0,31.0500,0.0,0.0,0.0,0.0,0.0,202.070,0.0,0.0,218.980,0.0,0.0,0.0,0.0,0.0,0.0,0.0,74.9000,0.0,0.0,32.4500,0.0,0.0,0.0,0.0,0.0,0.0,0.0,0.0,0.0,0.0,0.0,0.0,0.0,0.0,0.0,0.0,0.0,0.0,0.0,0.0,0.0,0.0,0.0,0.0,0.0,0.0,0.0,0.0,0.0,0.0,0.0,0.0
14348.244,48396.02,42688.12,361.020,20.8800,0.0,438.120,144.110,461.910,47.0400,32.7000,0.0,0.0,39.34,0.0,0.0,202.510,49.9000,89.1900,0.0,0.0,0.0,0.0,0.0,0.0,10.0,0.0,39.8500,18.0,0.0,0.0,0.0,0.0,0.0,0.0,22.85,0.0,0.0,0.0,156.130,17.85,0.0,0.0,0.0,0.0,0.0,0.0,15.92,0.0,0.0,0.0,0.0,0.0,0.0,0.0,0.0,0.0,0.0,0.0,0.0,0.0,0.0,0.0,0.0,0.0,0.0,0.0,0.0,0.0,0.0,0.0,0.0
14361.0264,48401.02,42688.12,487.110,67.7300,0.0,919.430,364.180,497.780,13.76,0.0,0.0,0.0,0.0,0.0,0.0,121.050,0.0,82.0500,0.0,0.0,0.0,0.0,0.0,0.0,20.0,0.0,42.7600,0.0,0.0,0.0,0.0,0.0,0.0,0.0,0.0,127.880,0.0,0.0,0.0,0.0,0.0,32.8500,0.0,0.0,0.0,0.0,0.0,0.0,0.0,0.0,0.0,0.0,0.0,0.0,0.0,0.0,0.0,0.0,0.0,0.0,0.0,0.0,0.0,0.0,0.0,0.0,0.0,0.0,0.0,0.0,0.0
14373.8088,48406.02,42688.12,121.700,0.0,0.0,709.340,224.650,426.450,11.9,90.9500,0.0,0.0,0.0,0.0,0.0,455.830,0.0,144.320,31.2000,0.0,0.0,0.0,0.0,0.0,32.2000,0.0,0.0,0.0,0.0,0.0,0.0,0.0,0.0,0.0,0.0,0.0,0.0,0.0,0.0,0.0,0.0,0.0,0.0,0.0,0.0,0.0,0.0,0.0,0.0,0.0,0.0,0.0,0.0,0.0,0.0,0.0,0.0,0.0,0.0,0.0,0.0,0.0,0.0,0.0,0.0,0.0,0.0,0.0,0.0,0.0,0.0
14386.5912,48411.02,42688.12,374.800,31.0,0.0,714.960,391.200,140.340,26.0,0.0,0.0,0.0,12.04,0.0,0.0,208.120,0.0,80.1700,26.18,0.0,0.0,0.0,0.0,0.0,0.0,0.0,0.0,66.9400,0.0,0.0,0.0,0.0,0.0,0.0,0.0,0.0,0.0,0.0,66.18,0.0,0.0,15.48,0.0,0.0,0.0,0.0,0.0,0.0,0.0,0.0,0.0,0.0,0.0,0.0,0.0,0.0,0.0,0.0,0.0,0.0,0.0,0.0,0.0,0.0,0.0,0.0,0.0,0.0,0.0,0.0,0.0
14398.3084,48416.02,42688.12,406.530,0.0,0.0,335.790,68.8000,249.920,50.0500,0.0,0.0,0.0,0.0,0.0,0.0,38.0400,0.0,9.56000,12.12,0.0,0.0,115.080,0.0,0.0,75.5300,0.0,0.0,25.8000,0.0,0.0,0.0,0.0,0.0,0.0,0.0,0.0,0.0,0.0,0.0,43.3700,0.0,0.0,0.0,0.0,0.0,0.0,0.0,0.0,0.0,0.0,0.0,0.0,0.0,0.0,0.0,0.0,0.0,0.0,0.0,0.0,0.0,0.0,0.0,11.92,0.0,0.0,0.0,0.0,0.0,0.0,0.0
14411.0908,48421.02,42688.12,607.200,0.0,0.0,1921.27,218.510,459.320,0.0,63.4500,0.0,0.0,0.0,21.2000,0.0,11.65,0.0,103.370,13.2,0.0,0.0,0.0,0.0,0.0,14.15,0.0,16.15,25.6,0.0,0.0,0.0,0.0,0.0,0.0,0.0,0.0,0.0,0.0,0.0,20.65,0.0,0.0,0.0,0.0,0.0,0.0,0.0,0.0,0.0,0.0,0.0,0.0,0.0,0.0,0.0,0.0,0.0,0.0,0.0,0.0,0.0,0.0,0.0,0.0,0.0,0.0,0.0,0.0,0.0,0.0,0.0
14423.8732,48426.02,42688.12,134.200,0.0,0.0,897.170,183.400,279.170,18.5,13.6,0.0,0.0,0.0,0.0,0.0,61.5600,0.0,80.9100,98.1600,0.0,0.0,0.0,0.0,0.0,0.0,0.0,11.5600,86.1000,0.0,0.0,0.0,0.0,0.0,0.0,0.0,17.1,0.0,0.0,0.0,0.0,0.0,22.35,0.0,0.0,0.0,0.0,0.0,0.0,0.0,0.0,0.0,0.0,0.0,0.0,0.0,0.0,0.0,0.0,0.0,0.0,0.0,0.0,0.0,0.0,0.0,0.0,0.0,0.0,0.0,26.9500,0.0
14436.6556,48431.02,42688.12,455.270,0.0,0.0,579.930,403.580,850.890,0.0,0.0,0.0,0.0,0.0,47.4000,0.0,82.0,0.0,182.650,0.0,0.0,0.0,0.0,0.0,88.5,75.2700,0.0,108.75,35.3600,0.0,0.0,0.0,0.0,0.0,0.0,0.0,0.0,0.0,0.0,27.7200,0.0,20.5,0.0,0.0,0.0,0.0,0.0,0.0,0.0,0.0,0.0,0.0,0.0,0.0,0.0,0.0,0.0,0.0,0.0,0.0,0.0,0.0,0.0,0.0,0.0,0.0,0.0,0.0,0.0,0.0,0.0,0.0
14448.3728,48436.02,42688.12,298.5,0.0,0.0,769.410,183.340,390.590,85.9500,0.0,0.0,0.0,79.3000,94.8000,0.0,21.6,0.0,64.6100,0.0,0.0,0.0,0.0,0.0,0.0,37.1000,0.0,29.8000,0.0,0.0,0.0,0.0,0.0,0.0,0.0,0.0,0.0,0.0,0.0,0.0,0.0,0.0,0.0,0.0,0.0,0.0,0.0,0.0,0.0,0.0,0.0,0.0,0.0,0.0,0.0,0.0,0.0,0.0,0.0,0.0,0.0,0.0,18.08,0.0,0.0,0.0,0.0,0.0,0.0,0.0,0.0,0.0
14461.1552,48441.02,42688.12,428.0,0.0,0.0,1415.19,271.510,361.890,0.0,0.0,0.0,0.0,54.6500,0.0,0.0,53.1500,0.0,67.9000,77.9400,0.0,0.0,0.0,0.0,0.0,0.0,0.0,15.35,36.25,0.0,0.0,0.0,0.0,0.0,0.0,18.15,0.0,0.0,0.0,66.43,0.0,0.0,0.0,0.0,0.0,0.0,0.0,0.0,0.0,0.0,0.0,0.0,0.0,0.0,0.0,0.0,0.0,0.0,0.0,0.0,0.0,0.0,0.0,0.0,0.0,0.0,0.0,0.0,0.0,0.0,0.0,0.0
14473.9376,48446.02,42688.12,359.110,13.35,0.0,1131.82,61.4600,478.920,51.0,0.0,0.0,0.0,54.6500,0.0,0.0,45.0500,0.0,31.99,127.140,0.0,0.0,0.0,0.0,0.0,19.1,0.0,0.0,125.380,0.0,0.0,0.0,0.0,0.0,0.0,0.0,0.0,0.0,0.0,14.44,11.95,0.0,0.0,0.0,0.0,0.0,0.0,0.0,0.0,0.0,0.0,0.0,0.0,0.0,0.0,0.0,0.0,0.0,0.0,0.0,0.0,0.0,0.0,0.0,0.0,0.0,0.0,0.0,0.0,0.0,0.0,0.0
14486.72,48451.02,42688.12,207.360,0.0,0.0,1201.43,203.440,560.120,21.7000,20.4,0.0,0.0,0.0,0.0,0.0,65.8700,0.0,194.720,103.210,0.0,0.0,0.0,0.0,0.0,0.0,0.0,0.0,102.480,0.0,0.0,0.0,0.0,0.0,0.0,0.0,0.0,0.0,0.0,0.0,0.0,0.0,111.300,0.0,0.0,0.0,0.0,0.0,0.0,0.0,0.0,0.0,0.0,0.0,0.0,0.0,0.0,0.0,88.9200,0.0,0.0,0.0,0.0,0.0,0.0,0.0,0.0,0.0,0.0,11.68,0.0,0.0
14498.4372,48456.02,42688.12,197.720,0.0,33.7200,1112.38,260.230,290.260,0.0,98.4000,0.0,0.0,31.1,14.3,0.0,11.12,0.0,188.190,10.7200,0.0,0.0,0.0,0.0,0.0,102.200,0.0,0.0,0.0,0.0,0.0,0.0,0.0,0.0,0.0,0.0,0.0,0.0,0.0,0.0,0.0,0.0,0.0,0.0,0.0,0.0,0.0,0.0,0.0,0.0,0.0,0.0,0.0,0.0,0.0,0.0,0.0,15.08,0.0,0.0,0.0,0.0,0.0,0.0,0.0,0.0,0.0,0.0,0.0,0.0,0.0,0.0
14511.2196,48461.02,42688.12,165.700,37.9500,0.0,987.25,130.660,253.630,31.7000,30.7800,0.0,0.0,0.0,0.0,0.0,20.2000,28.1200,16.8000,50.3500,0.0,12.2800,0.0,0.0,0.0,232.280,0.0,0.0,0.0,0.0,0.0,0.0,0.0,0.0,0.0,0.0,0.0,0.0,0.0,38.5500,17.7000,0.0,262.650,0.0,0.0,0.0,0.0,45.1500,0.0,10.08,0.0,0.0,0.0,0.0,0.0,0.0,0.0,37.7000,0.0,0.0,0.0,0.0,0.0,0.0,0.0,0.0,55.2000,0.0,0.0,0.0,0.0,0.0
14524.002,48466.02,42688.12,181.840,0.0,0.0,2165.88,304.670,415.600,126.560,24.48,0.0,0.0,0.0,0.0,0.0,183.570,0.0,0.0,24.4,0.0,0.0,0.0,0.0,0.0,0.0,9.96,0.0,0.0,0.0,0.0,0.0,0.0,0.0,0.0,0.0,165.800,0.0,0.0,61.68,28.3200,0.0,95.4500,0.0,0.0,0.0,0.0,0.0,0.0,0.0,0.0,0.0,0.0,0.0,0.0,0.0,0.0,0.0,0.0,0.0,0.0,0.0,0.0,0.0,0.0,0.0,0.0,0.0,0.0,95.1000,0.0,0.0
14536.7844,48471.02,42688.12,73.7600,13.9,13.76,1975.03,224.950,869.530,0.0,0.0,0.0,0.0,161.600,0.0,0.0,61.32,19.6,53.0800,0.0,0.0,0.0,54.0,0.0,0.0,0.0,0.0,0.0,0.0,0.0,0.0,0.0,0.0,0.0,0.0,0.0,43.8900,0.0,0.0,0.0,0.0,0.0,76.1600,0.0,0.0,0.0,0.0,0.0,0.0,0.0,0.0,0.0,0.0,0.0,0.0,0.0,0.0,0.0,0.0,0.0,0.0,0.0,0.0,0.0,0.0,0.0,0.0,0.0,0.0,0.0,0.0,0.0
14548.5016,48476.02,42688.12,294.070,143.440,0.0,1263.35,88.82,248.060,291.880,0.0,0.0,19.1,0.0,0.0,0.0,93.5600,0.0,83.6600,56.0300,0.0,0.0,0.0,0.0,0.0,53.3100,0.0,21.6,31.48,0.0,0.0,0.0,0.0,0.0,0.0,0.0,0.0,0.0,0.0,0.0,0.0,14.32,0.0,0.0,0.0,0.0,0.0,0.0,0.0,0.0,0.0,0.0,0.0,0.0,0.0,0.0,0.0,0.0,0.0,0.0,0.0,0.0,0.0,0.0,0.0,0.0,0.0,0.0,0.0,0.0,0.0,0.0
14561.284,48481.02,42688.12,452.590,106.650,0.0,1986.30,207.400,588.5,42.7000,0.0,0.0,0.0,0.0,0.0,0.0,81.3400,18.3000,17.85,29.0800,0.0,0.0,0.0,0.0,0.0,0.0,0.0,0.0,0.0,0.0,0.0,0.0,0.0,0.0,0.0,0.0,0.0,0.0,0.0,0.0,84.75,0.0,0.0,0.0,0.0,0.0,0.0,0.0,0.0,0.0,0.0,0.0,0.0,0.0,0.0,0.0,0.0,0.0,0.0,43.5,0.0,0.0,0.0,0.0,0.0,0.0,0.0,0.0,0.0,0.0,0.0,0.0
14574.0664,48486.02,42688.12,364.190,0.0,0.0,1870.67,283.920,581.880,31.4,13.48,0.0,0.0,0.0,0.0,0.0,34.1000,16.16,17.7000,130.480,0.0,0.0,0.0,0.0,0.0,8.64,0.0,10.64,52.3000,0.0,0.0,0.0,0.0,0.0,0.0,30.25,0.0,0.0,0.0,0.0,0.0,0.0,0.0,0.0,0.0,0.0,0.0,0.0,0.0,0.0,0.0,0.0,0.0,0.0,0.0,0.0,0.0,0.0,0.0,0.0,0.0,0.0,0.0,0.0,0.0,0.0,0.0,0.0,0.0,0.0,0.0,0.0
14585.7836,48491.02,42688.12,218.950,0.0,0.0,912.600,206.050,506.75,81.9000,0.0,0.0,0.0,0.0,0.0,0.0,20.3000,41.25,49.1500,0.0,18.35,0.0,0.0,0.0,0.0,61.3000,0.0,0.0,42.0,0.0,0.0,0.0,0.0,0.0,0.0,0.0,18.65,0.0,0.0,0.0,9.9,0.0,0.0,0.0,0.0,0.0,0.0,0.0,0.0,0.0,0.0,0.0,0.0,0.0,0.0,0.0,0.0,0.0,0.0,0.0,0.0,0.0,0.0,0.0,0.0,0.0,0.0,0.0,0.0,0.0,0.0,0.0
14598.566,48496.02,42688.12,292.25,45.7800,0.0,687.830,201.010,225.640,74.7700,0.0,0.0,0.0,0.0,0.0,0.0,63.0500,15.92,140.270,82.4200,0.0,0.0,0.0,0.0,0.0,83.1400,0.0,0.0,11.88,0.0,0.0,0.0,0.0,0.0,0.0,0.0,115.220,0.0,0.0,0.0,0.0,0.0,0.0,0.0,0.0,0.0,0.0,0.0,0.0,0.0,0.0,0.0,0.0,0.0,0.0,0.0,0.0,0.0,0.0,0.0,0.0,0.0,0.0,0.0,20.1,0.0,8.8,0.0,0.0,0.0,0.0,0.0
14611.3484,48501.02,42688.12,261.710,0.0,0.0,2524.20,82.4800,278.910,0.0,0.0,0.0,0.0,0.0,0.0,0.0,73.8500,39.8000,385.540,9.28000,0.0,18.24,0.0,0.0,0.0,0.0,0.0,0.0,0.0,0.0,0.0,0.0,0.0,0.0,0.0,0.0,44.6000,0.0,0.0,0.0,17.9500,0.0,0.0,0.0,0.0,0.0,0.0,0.0,0.0,0.0,0.0,0.0,0.0,0.0,0.0,0.0,0.0,0.0,0.0,0.0,0.0,0.0,0.0,0.0,0.0,0.0,0.0,0.0,0.0,0.0,0.0,0.0
14624.1308,48506.02,42688.12,273.270,0.0,0.0,1416.74,218.660,594.420,14.65,0.0,0.0,0.0,0.0,0.0,0.0,44.5100,0.0,77.5500,103.93,0.0,0.0,0.0,0.0,0.0,65.3800,0.0,0.0,34.3000,0.0,0.0,0.0,0.0,0.0,0.0,0.0,45.7800,0.0,0.0,0.0,0.0,0.0,0.0,10.4,0.0,0.0,0.0,0.0,0.0,50.5500,0.0,0.0,0.0,0.0,0.0,0.0,0.0,0.0,0.0,0.0,0.0,0.0,0.0,0.0,0.0,0.0,0.0,0.0,0.0,0.0,0.0,0.0
14635.848,48511.02,42688.12,239.380,0.0,0.0,965.110,145.150,615.420,13.45,9.55,0.0,0.0,0.0,15.9,37.0500,0.0,0.0,48.6300,15.05,0.0,25.4500,0.0,0.0,0.0,0.0,0.0,18.25,22.35,0.0,0.0,0.0,0.0,0.0,0.0,0.0,0.0,0.0,0.0,0.0,0.0,0.0,0.0,0.0,0.0,0.0,0.0,0.0,0.0,0.0,0.0,0.0,0.0,0.0,0.0,0.0,0.0,0.0,0.0,0.0,0.0,0.0,0.0,0.0,0.0,0.0,0.0,0.0,0.0,0.0,0.0,0.0
14648.6304,48516.02,42688.12,54.7800,0.0,0.0,2383.96,483.100,335.930,96.9700,0.0,0.0,0.0,0.0,31.8000,0.0,82.5,0.0,41.16,56.02,0.0,0.0,0.0,0.0,0.0,18.6400,0.0,0.0,0.0,0.0,0.0,0.0,0.0,0.0,0.0,0.0,20.85,0.0,0.0,0.0,46.8000,0.0,14.92,0.0,0.0,0.0,0.0,0.0,0.0,0.0,0.0,0.0,0.0,0.0,0.0,0.0,24.7000,0.0,0.0,0.0,0.0,0.0,0.0,0.0,0.0,0.0,0.0,0.0,0.0,0.0,0.0,0.0
14661.4128,48521.02,42688.12,155.080,0.0,0.0,2513.47,135.980,443.900,23.65,0.0,0.0,0.0,0.0,29.7000,0.0,13.4,0.0,28.42,81.0,0.0,0.0,0.0,40.4600,0.0,13.4,0.0,0.0,0.0,0.0,0.0,0.0,0.0,0.0,0.0,0.0,19.9,0.0,0.0,0.0,0.0,0.0,37.3000,0.0,0.0,0.0,0.0,0.0,0.0,0.0,0.0,0.0,0.0,0.0,0.0,0.0,0.0,0.0,0.0,0.0,0.0,0.0,0.0,0.0,0.0,0.0,0.0,0.0,0.0,12.52,0.0,0.0
14674.1952,48526.02,42688.12,226.140,68.7600,0.0,857.580,345.790,184.640,82.9400,0.0,0.0,0.0,0.0,0.0,0.0,0.0,0.0,0.0,0.0,0.0,0.0,0.0,0.0,0.0,9.95,0.0,0.0,0.0,0.0,0.0,0.0,0.0,0.0,0.0,0.0,0.0,0.0,0.0,0.0,0.0,0.0,14.5,0.0,0.0,0.0,0.0,0.0,0.0,0.0,0.0,0.0,0.0,0.0,0.0,0.0,0.0,0.0,0.0,0.0,0.0,0.0,0.0,0.0,0.0,0.0,0.0,0.0,48.16,0.0,0.0,0.0
14685.9124,48531.02,42688.12,35.5500,0.0,0.0,1672.47,368.770,330.670,149.550,0.0,0.0,0.0,0.0,0.0,0.0,362.170,0.0,0.0,208.5,0.0,0.0,0.0,0.0,0.0,25.3000,0.0,0.0,0.0,0.0,0.0,0.0,0.0,0.0,0.0,0.0,0.0,0.0,0.0,0.0,0.0,0.0,0.0,0.0,0.0,0.0,0.0,0.0,0.0,0.0,0.0,0.0,0.0,0.0,0.0,0.0,0.0,0.0,0.0,0.0,0.0,0.0,0.0,0.0,0.0,0.0,14.12,0.0,0.0,0.0,0.0,0.0
14698.6948,48536.02,42688.12,201.600,0.0,0.0,1204.23,314.490,344.660,30.2000,101.100,0.0,0.0,0.0,0.0,0.0,118.370,0.0,10.8,0.0,0.0,0.0,0.0,0.0,0.0,0.0,0.0,0.0,11.52,41.8000,0.0,0.0,0.0,0.0,0.0,29.7000,0.0,0.0,0.0,0.0,0.0,0.0,55.75,0.0,0.0,0.0,0.0,0.0,0.0,0.0,0.0,0.0,0.0,0.0,0.0,0.0,0.0,0.0,0.0,0.0,0.0,0.0,0.0,0.0,0.0,0.0,35.3000,0.0,0.0,0.0,0.0,0.0
14711.4772,48541.02,42688.12,568.120,9.92,111.75,473.820,263.440,735.060,0.0,0.0,0.0,0.0,17.65,0.0,0.0,145.950,14.95,71.2800,137.040,0.0,0.0,0.0,0.0,0.0,0.0,0.0,0.0,0.0,0.0,0.0,0.0,0.0,0.0,0.0,0.0,0.0,0.0,0.0,22.75,27.6900,0.0,0.0,0.0,0.0,0.0,0.0,0.0,0.0,106.380,0.0,0.0,8.72000,0.0,0.0,0.0,0.0,0.0,0.0,0.0,0.0,0.0,0.0,0.0,0.0,0.0,0.0,0.0,0.0,0.0,0.0,0.0
14724.2596,48546.02,42688.12,381.380,0.0,0.0,938.700,234.310,822.300,22.5,0.0,0.0,0.0,28.24,0.0,0.0,39.18,71.1200,151.840,0.0,0.0,0.0,0.0,0.0,0.0,34.9500,0.0,0.0,0.0,0.0,0.0,0.0,35.7000,0.0,0.0,0.0,18.5600,0.0,0.0,0.0,0.0,0.0,0.0,0.0,0.0,0.0,0.0,0.0,0.0,0.0,0.0,0.0,0.0,0.0,0.0,0.0,0.0,0.0,0.0,0.0,0.0,0.0,0.0,0.0,0.0,0.0,0.0,0.0,0.0,0.0,0.0,0.0
14735.9768,48551.02,42688.12,72.5,47.0400,0.0,1385.49,44.5800,588.050,93.1000,158.200,0.0,0.0,0.0,0.0,0.0,40.6000,0.0,33.73,16.9500,0.0,0.0,0.0,0.0,0.0,0.0,0.0,0.0,143.600,0.0,0.0,0.0,0.0,0.0,0.0,0.0,0.0,0.0,0.0,0.0,0.0,0.0,0.0,0.0,0.0,0.0,0.0,0.0,0.0,0.0,0.0,0.0,0.0,0.0,0.0,0.0,0.0,0.0,0.0,0.0,0.0,0.0,0.0,0.0,0.0,0.0,0.0,0.0,0.0,0.0,0.0,0.0
14748.7592,48556.02,42688.12,231.75,36.8500,0.0,12559.8,494.120,279.270,41.5,0.0,0.0,0.0,35.1500,0.0,0.0,10.4,0.0,72.4600,0.0,0.0,0.0,0.0,0.0,0.0,88.4700,0.0,0.0,126.710,0.0,0.0,0.0,0.0,0.0,0.0,0.0,0.0,0.0,0.0,17.6400,0.0,23.35,0.0,0.0,0.0,0.0,0.0,0.0,0.0,0.0,0.0,0.0,0.0,0.0,0.0,0.0,0.0,0.0,0.0,0.0,0.0,0.0,0.0,0.0,48.1000,0.0,0.0,0.0,0.0,0.0,0.0,0.0
14761.5416,48561.02,42688.12,150.560,1249.28,0.0,181909.0,10217.6,5812.84,189.990,0.0,0.0,0.0,151.860,0.0,0.0,10.65,0.0,151.590,0.0,0.0,0.0,55.3000,0.0,0.0,91.1000,0.0,14.85,16.5500,0.0,0.0,0.0,0.0,0.0,0.0,0.0,26.3600,0.0,0.0,163.350,0.0,0.0,0.0,0.0,0.0,0.0,10.25,0.0,0.0,0.0,32.34,0.0,0.0,0.0,0.0,0.0,0.0,0.0,0.0,0.0,0.0,0.0,0.0,0.0,0.0,0.0,0.0,0.0,0.0,0.0,0.0,0.0
14774.324,48566.02,42688.12,112.020,118.920,0.0,13965.0,1135.16,582.340,39.68,15.3,0.0,0.0,0.0,21.7200,0.0,0.0,0.0,104.920,90.2200,0.0,0.0,0.0,0.0,0.0,23.2000,0.0,0.0,0.0,0.0,0.0,0.0,0.0,0.0,0.0,0.0,24.85,0.0,0.0,0.0,0.0,9.0,0.0,0.0,0.0,0.0,0.0,30.6,0.0,0.0,0.0,0.0,0.0,0.0,0.0,0.0,0.0,0.0,0.0,0.0,0.0,9.84,0.0,0.0,0.0,0.0,0.0,0.0,0.0,0.0,0.0,0.0
14786.0412,48571.02,42688.12,78.0800,0.0,109.120,3567.59,565.350,349.350,159.550,0.0,0.0,0.0,0.0,0.0,0.0,21.9,0.0,50.0400,93.2700,0.0,0.0,54.73,0.0,0.0,0.0,0.0,0.0,0.0,0.0,0.0,0.0,0.0,0.0,0.0,16.84,0.0,0.0,0.0,13.6,0.0,17.35,0.0,0.0,0.0,0.0,0.0,61.2000,0.0,0.0,0.0,0.0,0.0,0.0,0.0,0.0,0.0,0.0,0.0,0.0,0.0,0.0,0.0,0.0,0.0,0.0,0.0,0.0,0.0,0.0,0.0,0.0
14798.8236,48576.02,42688.12,303.380,0.0,385.400,2288.92,108.660,684.990,52.0500,0.0,0.0,0.0,0.0,0.0,0.0,45.3600,0.0,465.120,24.6,0.0,0.0,0.0,0.0,0.0,36.9000,0.0,0.0,8.6,0.0,0.0,0.0,0.0,0.0,0.0,42.1000,0.0,0.0,0.0,0.0,0.0,0.0,0.0,0.0,0.0,0.0,0.0,0.0,0.0,0.0,0.0,0.0,0.0,0.0,0.0,0.0,42.9000,0.0,0.0,0.0,0.0,0.0,0.0,0.0,0.0,0.0,0.0,58.5,0.0,0.0,0.0,0.0
14811.606,48581.02,42688.12,211.100,0.0,0.0,1411.68,284.680,255.560,0.0,8.84,0.0,0.0,0.0,0.0,0.0,82.9000,0.0,82.8500,33.9200,0.0,0.0,16.6,0.0,0.0,16.7000,0.0,0.0,49.9500,0.0,0.0,0.0,0.0,0.0,0.0,0.0,0.0,0.0,0.0,0.0,0.0,0.0,0.0,0.0,0.0,0.0,0.0,0.0,0.0,0.0,0.0,0.0,0.0,0.0,0.0,0.0,0.0,0.0,0.0,0.0,0.0,0.0,0.0,0.0,0.0,0.0,0.0,0.0,0.0,0.0,0.0,0.0
14824.3884,48586.02,42688.12,221.650,0.0,0.0,1835.96,90.4000,203.820,80.4700,0.0,0.0,0.0,0.0,0.0,0.0,53.3000,0.0,61.16,71.0600,0.0,0.0,0.0,0.0,0.0,142.230,0.0,9.88,0.0,0.0,0.0,15.76,0.0,0.0,0.0,0.0,21.7200,0.0,0.0,0.0,0.0,86.3800,16.76,0.0,0.0,0.0,0.0,0.0,0.0,0.0,0.0,0.0,0.0,0.0,0.0,0.0,0.0,0.0,0.0,0.0,0.0,0.0,0.0,0.0,0.0,0.0,0.0,0.0,0.0,51.3800,0.0,0.0
14836.1056,48591.02,42688.12,386.690,0.0,0.0,2041.86,181.310,475.570,24.1,0.0,0.0,0.0,0.0,0.0,0.0,46.5500,0.0,118.630,24.6,0.0,0.0,106.230,0.0,0.0,45.7600,0.0,67.8000,104.400,0.0,0.0,0.0,0.0,0.0,0.0,18.4500,0.0,12.4,0.0,46.6200,21.32,0.0,0.0,0.0,0.0,0.0,0.0,0.0,0.0,0.0,0.0,0.0,0.0,11.4400,0.0,0.0,0.0,0.0,0.0,0.0,0.0,0.0,0.0,0.0,0.0,0.0,0.0,0.0,0.0,0.0,0.0,0.0
14848.888,48596.02,42688.12,563.820,98.25,0.0,1290.78,354.920,917.800,19.0500,43.8000,0.0,0.0,92.5500,0.0,0.0,183.070,0.0,40.2000,101.660,0.0,20.24,0.0,0.0,0.0,0.0,0.0,0.0,16.65,0.0,0.0,0.0,0.0,0.0,0.0,68.1400,0.0,0.0,0.0,96.9200,54.9000,0.0,0.0,0.0,0.0,0.0,0.0,0.0,0.0,0.0,0.0,0.0,0.0,0.0,0.0,0.0,0.0,0.0,0.0,0.0,0.0,0.0,0.0,0.0,0.0,0.0,0.0,0.0,0.0,0.0,0.0,0.0
14861.6704,48601.02,42688.12,204.680,18.8800,0.0,598.260,149.030,1179.33,54.4400,48.7200,0.0,0.0,0.0,0.0,0.0,77.1400,35.4500,97.9000,84.3600,28.2800,0.0,0.0,0.0,0.0,76.5,0.0,11.64,0.0,0.0,0.0,0.0,0.0,0.0,0.0,23.65,0.0,0.0,0.0,0.0,0.0,0.0,0.0,0.0,0.0,0.0,0.0,0.0,0.0,0.0,0.0,0.0,0.0,0.0,0.0,36.16,0.0,0.0,0.0,0.0,0.0,0.0,0.0,0.0,0.0,0.0,0.0,0.0,0.0,0.0,0.0,0.0
14873.3876,48606.02,42688.12,274.450,36.1000,0.0,1880.15,333.450,364.200,0.0,14.8,0.0,0.0,0.0,0.0,22.4500,78.2000,70.9000,9.05,40.3500,0.0,0.0,22.85,0.0,0.0,0.0,0.0,93.9000,12.55,0.0,0.0,0.0,0.0,0.0,0.0,47.3000,0.0,0.0,0.0,32.8500,29.3000,0.0,0.0,0.0,22.0,0.0,0.0,0.0,0.0,0.0,0.0,0.0,0.0,0.0,0.0,0.0,0.0,0.0,0.0,0.0,0.0,0.0,0.0,0.0,0.0,0.0,0.0,0.0,0.0,0.0,0.0,0.0
14886.17,48611.02,42688.12,660.720,18.3000,0.0,710.620,350.840,749.020,73.4500,0.0,0.0,0.0,0.0,0.0,0.0,28.98,0.0,36.16,56.84,0.0,0.0,0.0,0.0,0.0,0.0,13.76,0.0,0.0,0.0,0.0,0.0,0.0,0.0,0.0,0.0,0.0,0.0,0.0,0.0,0.0,0.0,81.3000,0.0,0.0,0.0,0.0,0.0,0.0,0.0,0.0,0.0,0.0,0.0,0.0,0.0,0.0,0.0,0.0,0.0,0.0,0.0,0.0,0.0,0.0,0.0,0.0,0.0,0.0,0.0,0.0,0.0
14898.9524,48616.02,42688.12,427.200,0.0,0.0,1900.66,316.420,298.760,21.6,0.0,0.0,0.0,0.0,0.0,0.0,256.810,40.9500,0.0,88.5500,0.0,0.0,54.0800,0.0,13.95,17.5500,0.0,0.0,0.0,0.0,0.0,0.0,0.0,0.0,0.0,16.2000,0.0,0.0,0.0,0.0,0.0,0.0,88.3500,0.0,0.0,0.0,0.0,0.0,0.0,0.0,0.0,0.0,0.0,0.0,0.0,0.0,0.0,0.0,0.0,0.0,0.0,0.0,0.0,0.0,0.0,0.0,0.0,0.0,0.0,0.0,0.0,0.0
14911.7348,48621.02,42688.12,847.210,50.9700,0.0,2710.98,235.200,648.980,107.810,0.0,0.0,0.0,0.0,0.0,0.0,0.0,0.0,0.0,0.0,0.0,0.0,0.0,0.0,0.0,24.3000,0.0,0.0,0.0,0.0,0.0,0.0,0.0,0.0,0.0,32.1100,50.9500,0.0,0.0,0.0,0.0,0.0,0.0,0.0,0.0,0.0,0.0,0.0,0.0,0.0,0.0,0.0,0.0,0.0,0.0,0.0,0.0,0.0,0.0,0.0,0.0,0.0,0.0,0.0,0.0,0.0,0.0,0.0,0.0,0.0,0.0,0.0
14923.452,48626.02,42688.12,564.520,0.0,0.0,2453.87,208.400,414.640,8.05,12.0,0.0,0.0,0.0,0.0,0.0,36.77,0.0,41.4000,0.0,0.0,0.0,37.3600,0.0,0.0,23.1,0.0,83.4000,0.0,0.0,0.0,0.0,0.0,0.0,0.0,0.0,0.0,0.0,0.0,0.0,0.0,0.0,0.0,0.0,38.4000,0.0,0.0,0.0,0.0,0.0,0.0,0.0,0.0,0.0,0.0,0.0,0.0,0.0,0.0,0.0,0.0,0.0,0.0,0.0,0.0,0.0,0.0,0.0,0.0,0.0,0.0,0.0
14936.2344,48631.02,42688.12,410.060,0.0,0.0,1788.89,226.850,359.300,56.0300,0.0,0.0,0.0,0.0,0.0,0.0,67.6200,0.0,16.0400,0.0,11.45,0.0,0.0,0.0,0.0,0.0,0.0,0.0,71.4000,0.0,0.0,40.7000,0.0,0.0,0.0,13.55,0.0,0.0,0.0,15.3,0.0,0.0,0.0,0.0,0.0,0.0,0.0,0.0,0.0,0.0,0.0,0.0,0.0,0.0,0.0,0.0,0.0,0.0,0.0,59.8000,0.0,0.0,0.0,0.0,0.0,0.0,0.0,0.0,0.0,0.0,0.0,0.0
14949.0168,48636.02,42688.12,363.0,0.0,0.0,600.130,78.8900,509.230,33.6200,74.8800,0.0,0.0,0.0,0.0,0.0,0.0,10.2,10.7,33.4200,0.0,0.0,0.0,0.0,0.0,52.3000,0.0,15.45,0.0,61.6000,0.0,0.0,0.0,0.0,0.0,14.8400,0.0,0.0,0.0,18.5500,0.0,0.0,114.730,0.0,0.0,0.0,0.0,0.0,0.0,0.0,0.0,0.0,0.0,0.0,0.0,0.0,0.0,0.0,0.0,0.0,0.0,0.0,0.0,0.0,0.0,0.0,0.0,0.0,0.0,0.0,0.0,0.0
14961.7992,48641.02,42688.12,536.010,0.0,0.0,1226.44,267.580,267.490,0.0,67.1400,0.0,0.0,0.0,0.0,0.0,0.0,16.32,19.6400,49.68,0.0,0.0,11.9,0.0,0.0,11.5,0.0,0.0,21.0,0.0,0.0,0.0,0.0,0.0,0.0,16.4500,0.0,18.0500,0.0,0.0,0.0,0.0,12.6,0.0,0.0,0.0,0.0,0.0,0.0,69.5800,0.0,0.0,0.0,0.0,0.0,0.0,0.0,0.0,0.0,0.0,0.0,0.0,0.0,0.0,0.0,0.0,0.0,0.0,0.0,0.0,0.0,0.0
14973.5164,48646.02,42688.12,462.360,30.0800,0.0,1169.15,262.170,793.840,0.0,24.5,0.0,0.0,0.0,0.0,0.0,0.0,0.0,25.25,0.0,0.0,0.0,23.8000,59.2800,0.0,24.35,0.0,0.0,0.0,0.0,0.0,0.0,0.0,0.0,0.0,32.9000,0.0,0.0,0.0,0.0,31.4600,0.0,0.0,0.0,0.0,0.0,0.0,0.0,0.0,0.0,0.0,0.0,0.0,0.0,0.0,0.0,0.0,0.0,0.0,0.0,0.0,0.0,0.0,0.0,0.0,0.0,0.0,0.0,0.0,0.0,0.0,0.0
14986.2988,48651.02,42688.12,292.550,0.0,0.0,1275.70,35.5500,372.550,0.0,33.7000,0.0,0.0,0.0,0.0,0.0,0.0,0.0,41.1000,67.25,0.0,15.95,0.0,0.0,0.0,18.4500,23.65,69.4500,16.35,0.0,0.0,0.0,0.0,0.0,0.0,20.0,43.0,0.0,0.0,0.0,0.0,14.45,0.0,0.0,0.0,0.0,0.0,0.0,0.0,0.0,0.0,0.0,0.0,0.0,0.0,0.0,0.0,0.0,0.0,0.0,0.0,0.0,0.0,0.0,0.0,0.0,24.5500,0.0,0.0,0.0,0.0,0.0
14999.0812,48656.02,42688.12,517.030,0.0,0.0,1448.07,340.080,232.950,87.68,0.0,0.0,0.0,0.0,0.0,0.0,20.3000,0.0,36.82,0.0,0.0,0.0,0.0,0.0,0.0,88.4800,0.0,16.9500,14.32,0.0,0.0,0.0,0.0,0.0,0.0,0.0,0.0,0.0,0.0,0.0,0.0,0.0,0.0,0.0,0.0,0.0,0.0,0.0,0.0,49.1400,0.0,0.0,0.0,0.0,0.0,0.0,0.0,10.95,0.0,0.0,0.0,0.0,0.0,0.0,0.0,0.0,0.0,0.0,0.0,0.0,0.0,0.0
15011.8636,48661.02,42688.12,854.130,0.0,0.0,1527.20,300.670,295.400,0.0,102.480,0.0,0.0,0.0,0.0,0.0,0.0,0.0,58.5500,117.520,0.0,0.0,0.0,0.0,0.0,32.5600,0.0,0.0,0.0,0.0,0.0,0.0,0.0,0.0,0.0,0.0,0.0,0.0,0.0,0.0,0.0,0.0,0.0,0.0,0.0,0.0,0.0,0.0,0.0,39.4500,0.0,0.0,0.0,0.0,0.0,0.0,0.0,0.0,0.0,0.0,0.0,0.0,0.0,0.0,0.0,0.0,0.0,0.0,0.0,0.0,0.0,0.0
15023.5808,48666.02,42688.12,483.270,0.0,0.0,2608.95,169.740,394.080,47.84,0.0,0.0,0.0,0.0,0.0,0.0,115.400,0.0,292.850,45.91,0.0,0.0,0.0,0.0,0.0,16.16,0.0,0.0,37.3100,0.0,0.0,0.0,0.0,0.0,0.0,10.08,0.0,0.0,0.0,0.0,0.0,0.0,0.0,0.0,0.0,0.0,0.0,0.0,0.0,0.0,0.0,0.0,0.0,0.0,0.0,0.0,0.0,0.0,0.0,0.0,0.0,0.0,0.0,0.0,0.0,0.0,21.6,0.0,0.0,0.0,0.0,0.0
15036.3632,48671.02,42688.12,154.75,0.0,0.0,762.910,162.580,314.220,0.0,18.0500,0.0,0.0,0.0,0.0,0.0,171.150,0.0,24.3000,0.0,0.0,0.0,0.0,0.0,0.0,80.1100,0.0,0.0,0.0,0.0,0.0,0.0,0.0,0.0,0.0,0.0,0.0,0.0,0.0,0.0,0.0,0.0,0.0,0.0,0.0,0.0,0.0,0.0,0.0,0.0,0.0,0.0,0.0,0.0,0.0,0.0,0.0,0.0,0.0,0.0,0.0,0.0,0.0,0.0,0.0,0.0,32.5,0.0,0.0,0.0,0.0,0.0
15049.1456,48676.02,42688.12,537.280,0.0,0.0,917.660,138.350,358.600,0.0,0.0,0.0,0.0,0.0,0.0,0.0,0.0,0.0,253.150,87.3000,0.0,0.0,0.0,0.0,0.0,42.0300,0.0,39.5300,10.64,0.0,0.0,0.0,0.0,0.0,0.0,29.9500,59.25,0.0,0.0,0.0,0.0,0.0,0.0,0.0,0.0,0.0,0.0,0.0,0.0,0.0,0.0,0.0,0.0,0.0,0.0,0.0,0.0,0.0,46.8000,0.0,0.0,0.0,0.0,0.0,0.0,0.0,0.0,0.0,15.45,0.0,0.0,0.0
15061.928,48681.02,42688.12,261.950,37.9500,0.0,864.990,407.440,435.280,0.0,0.0,0.0,0.0,0.0,0.0,0.0,443.830,22.24,47.32,0.0,0.0,118.950,0.0,0.0,0.0,0.0,0.0,8.6,15.8,0.0,0.0,0.0,0.0,0.0,0.0,0.0,36.2800,0.0,0.0,0.0,0.0,0.0,0.0,0.0,0.0,0.0,0.0,0.0,0.0,0.0,0.0,0.0,0.0,0.0,0.0,0.0,0.0,0.0,0.0,0.0,0.0,0.0,159.770,0.0,0.0,0.0,0.0,0.0,0.0,0.0,0.0,0.0
15073.6452,48686.02,42688.12,419.660,0.0,0.0,1400.66,343.440,453.600,21.0,24.84,0.0,0.0,0.0,0.0,0.0,193.820,0.0,54.9500,0.0,0.0,0.0,0.0,0.0,0.0,9.0,0.0,0.0,0.0,0.0,0.0,0.0,0.0,0.0,0.0,0.0,0.0,0.0,0.0,0.0,0.0,0.0,0.0,0.0,0.0,0.0,0.0,13.08,0.0,0.0,0.0,0.0,0.0,0.0,0.0,0.0,0.0,0.0,0.0,0.0,0.0,0.0,0.0,0.0,0.0,0.0,0.0,0.0,0.0,0.0,0.0,0.0
15086.4276,48691.02,42688.12,419.050,0.0,0.0,1336.76,174.650,643.650,72.4800,52.2000,0.0,0.0,0.0,0.0,0.0,191.950,0.0,34.1000,51.1100,0.0,0.0,0.0,0.0,0.0,0.0,0.0,27.0500,0.0,0.0,0.0,0.0,0.0,14.0400,0.0,0.0,0.0,0.0,0.0,0.0,0.0,0.0,24.2000,0.0,0.0,0.0,0.0,0.0,0.0,0.0,0.0,0.0,0.0,0.0,0.0,0.0,0.0,0.0,0.0,0.0,12.1,0.0,0.0,0.0,0.0,0.0,0.0,0.0,0.0,0.0,0.0,0.0
15099.21,48696.02,42688.12,551.790,38.4000,0.0,1749.34,222.950,432.310,18.4,32.6500,0.0,0.0,0.0,0.0,0.0,78.1500,0.0,56.52,0.0,0.0,0.0,0.0,0.0,0.0,0.0,0.0,0.0,0.0,0.0,0.0,0.0,0.0,0.0,24.35,0.0,27.15,0.0,0.0,0.0,0.0,25.5500,0.0,0.0,0.0,0.0,0.0,0.0,0.0,0.0,0.0,0.0,0.0,0.0,0.0,0.0,0.0,0.0,0.0,0.0,0.0,0.0,0.0,0.0,0.0,0.0,20.4400,0.0,0.0,17.15,0.0,0.0
15111.9924,48701.02,42688.12,835.660,0.0,0.0,1855.90,372.780,567.580,70.5,0.0,0.0,0.0,0.0,0.0,0.0,60.6000,0.0,107.990,42.0800,0.0,0.0,0.0,0.0,0.0,16.25,0.0,30.4,0.0,0.0,0.0,0.0,0.0,0.0,0.0,0.0,54.3000,0.0,0.0,0.0,0.0,51.1000,44.8500,0.0,0.0,0.0,0.0,0.0,0.0,0.0,0.0,0.0,0.0,0.0,0.0,0.0,0.0,0.0,0.0,0.0,0.0,0.0,0.0,0.0,0.0,0.0,0.0,0.0,0.0,0.0,0.0,0.0
15123.7096,48706.02,42688.12,154.080,167.100,0.0,2302.66,207.560,260.140,7.52,0.0,0.0,0.0,20.48,0.0,0.0,0.0,0.0,34.7200,14.25,0.0,0.0,0.0,0.0,0.0,50.18,0.0,0.0,29.84,0.0,0.0,0.0,0.0,0.0,0.0,0.0,0.0,0.0,0.0,21.65,0.0,86.9400,45.4500,0.0,0.0,0.0,0.0,0.0,0.0,0.0,0.0,0.0,0.0,0.0,0.0,0.0,0.0,0.0,0.0,0.0,0.0,0.0,0.0,0.0,0.0,0.0,0.0,0.0,0.0,0.0,0.0,0.0
15136.492,48711.02,42688.12,445.420,103.220,0.0,2433.15,360.580,697.860,145.450,84.9600,0.0,0.0,85.2800,0.0,0.0,0.0,0.0,51.3700,28.0500,0.0,0.0,0.0,0.0,0.0,85.3500,0.0,0.0,47.25,0.0,0.0,0.0,0.0,0.0,0.0,38.1000,0.0,0.0,0.0,0.0,0.0,0.0,18.4,0.0,0.0,0.0,0.0,0.0,0.0,0.0,0.0,0.0,0.0,0.0,0.0,0.0,0.0,0.0,0.0,0.0,0.0,0.0,0.0,0.0,0.0,0.0,0.0,0.0,0.0,0.0,0.0,0.0
15149.2744,48716.02,42688.12,459.230,58.2000,0.0,830.790,276.680,327.520,98.6100,0.0,0.0,0.0,0.0,0.0,0.0,62.66,0.0,21.9,58.7200,0.0,0.0,0.0,0.0,0.0,0.0,0.0,0.0,0.0,0.0,0.0,0.0,64.6500,0.0,0.0,0.0,58.5,0.0,0.0,0.0,0.0,0.0,0.0,0.0,0.0,0.0,0.0,0.0,0.0,0.0,0.0,0.0,0.0,0.0,0.0,0.0,0.0,0.0,0.0,0.0,0.0,0.0,0.0,0.0,0.0,0.0,0.0,0.0,0.0,0.0,0.0,0.0
15160.9916,48721.02,42688.12,295.160,0.0,0.0,1396.81,208.330,830.280,87.0,0.0,0.0,0.0,0.0,0.0,0.0,0.0,0.0,104.770,56.8000,0.0,68.1000,0.0,0.0,0.0,24.18,0.0,0.0,15.55,0.0,0.0,0.0,0.0,0.0,0.0,0.0,11.25,0.0,0.0,0.0,0.0,33.5,0.0,0.0,0.0,0.0,28.85,0.0,0.0,0.0,0.0,0.0,0.0,0.0,0.0,0.0,0.0,0.0,0.0,0.0,0.0,0.0,0.0,0.0,0.0,0.0,0.0,0.0,0.0,0.0,0.0,0.0
15173.774,48726.02,42688.12,934.520,0.0,0.0,22823.5,945.780,2474.56,0.0,0.0,0.0,0.0,17.9,0.0,0.0,11.52,11.45,77.0200,58.43,0.0,0.0,0.0,0.0,0.0,144.560,0.0,35.3000,49.0400,0.0,0.0,0.0,0.0,0.0,0.0,0.0,0.0,0.0,0.0,103.880,0.0,39.91,101.950,0.0,0.0,0.0,0.0,0.0,0.0,0.0,0.0,0.0,0.0,0.0,0.0,0.0,0.0,0.0,0.0,0.0,0.0,0.0,0.0,0.0,0.0,45.6300,0.0,0.0,0.0,0.0,0.0,0.0
15186.5564,48731.02,42688.12,229.230,135.75,0.0,2382.86,323.360,775.340,11.35,0.0,0.0,0.0,0.0,0.0,0.0,99.75,0.0,12.45,24.7000,0.0,0.0,17.6400,0.0,0.0,0.0,0.0,0.0,28.8000,0.0,0.0,0.0,0.0,0.0,0.0,0.0,52.3000,0.0,0.0,0.0,0.0,12.25,0.0,0.0,0.0,0.0,0.0,0.0,0.0,0.0,0.0,0.0,0.0,0.0,0.0,0.0,0.0,0.0,0.0,0.0,0.0,0.0,0.0,0.0,0.0,0.0,0.0,0.0,0.0,16.3000,0.0,0.0
15199.3388,48736.02,42688.12,1622.44,89.8500,0.0,31452.1,1545.64,1919.55,12.55,0.0,0.0,0.0,0.0,0.0,0.0,0.0,11.2,398.830,13.5,0.0,0.0,30.85,0.0,0.0,0.0,0.0,0.0,56.1400,0.0,0.0,0.0,0.0,0.0,0.0,13.75,0.0,0.0,0.0,28.5,0.0,19.6,43.2600,0.0,0.0,0.0,0.0,0.0,0.0,0.0,0.0,0.0,0.0,0.0,0.0,0.0,0.0,0.0,0.0,0.0,0.0,0.0,0.0,0.0,0.0,0.0,0.0,0.0,0.0,26.0800,0.0,0.0
15211.056,48741.02,42688.12,1757.99,342.690,0.0,77795.2,4742.60,2458.99,0.0,0.0,0.0,0.0,0.0,0.0,0.0,13.45,0.0,180.410,0.0,0.0,0.0,61.7000,0.0,0.0,40.25,0.0,0.0,30.5500,0.0,0.0,0.0,0.0,0.0,0.0,27.5,9.2,0.0,35.4000,0.0,0.0,0.0,0.0,0.0,0.0,0.0,0.0,0.0,0.0,0.0,10.15,0.0,0.0,0.0,0.0,31.5,0.0,0.0,0.0,0.0,0.0,0.0,0.0,0.0,0.0,0.0,0.0,0.0,0.0,0.0,0.0,0.0
15223.8384,48746.02,42688.12,3104.23,993.700,39.9000,19461.2,638.730,773.550,184.850,31.8000,0.0,0.0,0.0,0.0,0.0,79.3600,0.0,101.290,0.0,0.0,14.05,90.4200,0.0,0.0,38.75,0.0,15.35,0.0,0.0,0.0,0.0,0.0,0.0,0.0,0.0,22.35,52.8000,70.8000,0.0,0.0,0.0,0.0,0.0,0.0,0.0,0.0,0.0,0.0,0.0,0.0,0.0,0.0,0.0,0.0,20.08,0.0,0.0,0.0,0.0,0.0,0.0,0.0,0.0,0.0,0.0,0.0,0.0,0.0,0.0,0.0,0.0
15236.6208,48751.02,42688.12,376.910,212.430,18.15,8065.55,801.710,604.130,13.85,107.25,0.0,0.0,0.0,0.0,0.0,98.4000,39.75,14.1,14.6,0.0,0.0,15.1,0.0,0.0,0.0,0.0,35.4500,0.0,0.0,0.0,0.0,0.0,0.0,0.0,0.0,0.0,0.0,0.0,0.0,0.0,0.0,31.8000,0.0,0.0,0.0,0.0,0.0,0.0,0.0,0.0,0.0,0.0,0.0,0.0,0.0,0.0,0.0,0.0,0.0,0.0,0.0,0.0,0.0,0.0,0.0,0.0,0.0,0.0,0.0,0.0,0.0
15249.4032,48756.02,42688.12,274.100,185.440,12.75,5837.80,450.740,900.920,118.650,115.900,0.0,0.0,0.0,0.0,0.0,42.1300,38.25,44.4000,145.25,0.0,0.0,0.0,0.0,0.0,0.0,0.0,66.82,26.9,0.0,0.0,0.0,0.0,0.0,0.0,0.0,0.0,0.0,0.0,0.0,58.3500,0.0,24.4500,0.0,0.0,0.0,0.0,108.220,0.0,0.0,0.0,0.0,0.0,0.0,0.0,0.0,0.0,0.0,0.0,0.0,0.0,0.0,0.0,0.0,0.0,0.0,0.0,0.0,0.0,0.0,0.0,0.0
15261.1204,48761.02,42688.12,415.110,47.4000,0.0,2005.96,439.530,553.660,130.190,18.8000,0.0,0.0,0.0,0.0,0.0,72.0400,0.0,186.940,0.0,0.0,18.68,67.0800,0.0,0.0,59.1500,0.0,0.0,28.6,0.0,0.0,0.0,0.0,0.0,0.0,0.0,39.1200,0.0,0.0,0.0,0.0,0.0,102.080,0.0,0.0,0.0,0.0,0.0,0.0,0.0,0.0,0.0,0.0,0.0,0.0,0.0,0.0,0.0,0.0,0.0,0.0,0.0,45.1100,0.0,0.0,0.0,14.48,0.0,33.4000,0.0,0.0,0.0
15273.9028,48766.02,42688.12,186.400,31.1,0.0,1413.35,261.700,675.350,0.0,69.75,0.0,0.0,0.0,0.0,0.0,298.050,0.0,14.05,44.4000,0.0,46.7000,0.0,0.0,0.0,80.4000,0.0,0.0,0.0,0.0,0.0,0.0,0.0,0.0,0.0,0.0,63.8000,0.0,0.0,12.7,0.0,0.0,0.0,0.0,0.0,0.0,0.0,0.0,0.0,0.0,0.0,0.0,0.0,0.0,0.0,0.0,0.0,0.0,0.0,0.0,0.0,0.0,0.0,0.0,0.0,13.15,36.2000,0.0,0.0,0.0,0.0,0.0
15286.6852,48771.02,42688.12,269.350,0.0,0.0,1703.44,363.040,524.360,13.0400,0.0,0.0,0.0,0.0,0.0,0.0,0.0,104.720,75.2600,195.100,0.0,0.0,0.0,0.0,11.8,0.0,0.0,0.0,0.0,0.0,0.0,0.0,0.0,0.0,0.0,0.0,0.0,0.0,0.0,22.1,0.0,0.0,0.0,0.0,0.0,0.0,0.0,0.0,0.0,0.0,0.0,0.0,0.0,0.0,0.0,0.0,0.0,0.0,0.0,0.0,0.0,0.0,0.0,0.0,0.0,0.0,0.0,0.0,0.0,0.0,0.0,0.0
15299.4676,48776.02,42688.12,127.190,0.0,0.0,330.380,81.4400,580.5,100.690,30.0500,0.0,0.0,0.0,0.0,0.0,66.5,11.76,88.1000,0.0,0.0,0.0,0.0,0.0,0.0,0.0,0.0,0.0,58.7400,0.0,0.0,0.0,0.0,0.0,0.0,30.42,0.0,0.0,0.0,0.0,0.0,24.92,0.0,0.0,0.0,0.0,0.0,0.0,0.0,0.0,0.0,0.0,0.0,0.0,0.0,0.0,0.0,0.0,0.0,108.220,0.0,0.0,0.0,0.0,0.0,0.0,0.0,0.0,0.0,0.0,0.0,0.0
15311.1848,48781.02,42688.12,600.610,0.0,0.0,2175.86,141.870,645.010,111.400,0.0,0.0,0.0,0.0,0.0,0.0,13.0400,0.0,94.3700,63.18,0.0,0.0,19.2000,0.0,0.0,0.0,0.0,0.0,43.0500,0.0,0.0,0.0,0.0,0.0,0.0,14.9600,0.0,0.0,0.0,0.0,69.75,14.7,0.0,0.0,8.2,0.0,0.0,0.0,0.0,0.0,0.0,0.0,0.0,0.0,0.0,0.0,11.12,0.0,0.0,0.0,0.0,0.0,0.0,0.0,0.0,0.0,0.0,0.0,0.0,19.92,0.0,0.0
15323.9672,48786.02,42688.12,797.950,376.330,0.0,2603.55,424.050,405.320,46.3500,0.0,0.0,0.0,95.9000,0.0,14.6,83.3000,0.0,233.450,16.8000,0.0,0.0,0.0,0.0,0.0,0.0,0.0,0.0,0.0,0.0,0.0,0.0,0.0,0.0,0.0,0.0,0.0,0.0,0.0,0.0,0.0,13.35,0.0,0.0,0.0,0.0,0.0,0.0,0.0,0.0,0.0,0.0,0.0,0.0,0.0,0.0,0.0,0.0,0.0,0.0,0.0,0.0,0.0,0.0,0.0,0.0,0.0,0.0,0.0,0.0,0.0,0.0
15336.7496,48791.02,42688.12,75733.5,2528.39,47.6000,265615.0,14286.4,10172.7,553.5,0.0,0.0,0.0,67.6500,25.35,0.0,199.070,37.0,153.800,23.6400,0.0,0.0,200.350,0.0,0.0,35.6500,0.0,0.0,218.140,0.0,0.0,0.0,0.0,0.0,0.0,0.0,0.0,0.0,0.0,0.0,0.0,19.5,0.0,0.0,0.0,0.0,0.0,0.0,0.0,0.0,0.0,0.0,0.0,0.0,0.0,0.0,0.0,0.0,0.0,0.0,0.0,0.0,0.0,0.0,0.0,0.0,0.0,0.0,17.5500,0.0,0.0,0.0
15349.532,48796.02,42688.12,3214.85,62.2400,0.0,51901.8,2815.08,1869.11,51.73,0.0,0.0,0.0,0.0,18.32,0.0,59.2400,80.6000,11.12,0.0,0.0,0.0,46.6400,0.0,0.0,0.0,0.0,28.3200,30.2000,17.16,0.0,0.0,0.0,0.0,0.0,0.0,76.0200,0.0,0.0,30.6,0.0,31.2000,0.0,0.0,0.0,0.0,0.0,0.0,39.75,0.0,0.0,0.0,0.0,0.0,0.0,0.0,0.0,0.0,0.0,0.0,0.0,0.0,0.0,0.0,0.0,0.0,0.0,0.0,20.52,0.0,0.0,0.0
15361.2492,48801.02,42688.12,385.610,48.68,0.0,2531.52,356.050,646.080,121.620,0.0,0.0,0.0,0.0,0.0,0.0,61.8100,0.0,241.840,27.23,0.0,0.0,50.8000,0.0,0.0,0.0,0.0,0.0,30.65,0.0,0.0,0.0,0.0,0.0,0.0,0.0,0.0,0.0,0.0,0.0,0.0,0.0,0.0,42.25,0.0,0.0,0.0,0.0,0.0,0.0,0.0,0.0,0.0,0.0,0.0,0.0,0.0,0.0,0.0,0.0,0.0,0.0,0.0,0.0,0.0,0.0,13.92,0.0,0.0,0.0,0.0,0.0
15374.0316,48806.02,42688.12,261.680,65.0200,0.0,1950.60,189.270,423.710,0.0,0.0,0.0,0.0,0.0,0.0,0.0,230.330,0.0,235.820,65.2800,0.0,0.0,0.0,0.0,0.0,0.0,0.0,0.0,0.0,0.0,0.0,0.0,0.0,0.0,0.0,0.0,0.0,0.0,0.0,0.0,0.0,0.0,0.0,0.0,0.0,0.0,0.0,0.0,0.0,0.0,0.0,0.0,0.0,0.0,0.0,0.0,0.0,0.0,0.0,0.0,0.0,0.0,0.0,0.0,0.0,0.0,0.0,0.0,0.0,0.0,0.0,94.5100
15386.814,48811.02,42688.12,878.580,14.5,0.0,458.990,357.650,352.310,48.8500,32.34,0.0,0.0,0.0,0.0,0.0,41.5,31.9,15.2,36.68,0.0,0.0,0.0,0.0,0.0,13.1,0.0,0.0,0.0,0.0,0.0,0.0,0.0,0.0,0.0,0.0,0.0,0.0,0.0,0.0,0.0,0.0,0.0,0.0,0.0,0.0,0.0,0.0,0.0,0.0,0.0,0.0,0.0,0.0,0.0,0.0,0.0,0.0,0.0,0.0,0.0,0.0,0.0,0.0,0.0,0.0,0.0,0.0,0.0,0.0,0.0,0.0
15399.5964,48816.02,42688.12,410.160,0.0,44.6000,1862.02,183.780,1041.15,0.0,43.5,0.0,0.0,0.0,0.0,0.0,26.26,0.0,208.600,96.1600,0.0,0.0,0.0,32.1000,0.0,0.0,0.0,0.0,48.1000,0.0,0.0,0.0,0.0,0.0,0.0,0.0,0.0,0.0,0.0,0.0,0.0,0.0,0.0,0.0,0.0,0.0,0.0,0.0,0.0,0.0,0.0,0.0,0.0,0.0,0.0,0.0,0.0,0.0,0.0,0.0,0.0,0.0,0.0,0.0,0.0,0.0,0.0,0.0,0.0,0.0,0.0,0.0
15411.3136,48821.02,42688.12,253.720,30.2800,89.2000,2356.54,274.470,812.180,126.560,0.0,0.0,0.0,0.0,0.0,0.0,45.2000,0.0,6.32,0.0,0.0,0.0,0.0,0.0,0.0,34.91,0.0,0.0,59.0800,0.0,0.0,0.0,0.0,0.0,0.0,0.0,53.5600,0.0,0.0,70.6700,0.0,0.0,15.12,0.0,0.0,0.0,0.0,0.0,0.0,0.0,0.0,0.0,0.0,14.05,0.0,0.0,0.0,0.0,0.0,0.0,0.0,0.0,0.0,0.0,0.0,0.0,0.0,0.0,0.0,0.0,0.0,0.0
15424.096,48826.02,42688.12,378.820,20.3600,0.0,303.070,229.050,366.620,102.870,0.0,0.0,0.0,0.0,10.6,0.0,95.25,0.0,85.9700,75.0500,0.0,0.0,0.0,0.0,0.0,9.95,0.0,0.0,71.0,0.0,0.0,0.0,0.0,0.0,0.0,0.0,0.0,0.0,0.0,0.0,0.0,0.0,0.0,0.0,0.0,0.0,0.0,0.0,0.0,0.0,0.0,0.0,0.0,0.0,60.9000,0.0,0.0,0.0,0.0,0.0,0.0,0.0,0.0,0.0,0.0,0.0,0.0,0.0,0.0,0.0,0.0,0.0
15436.8784,48831.02,42688.12,538.240,10.4400,0.0,1774.07,70.1900,231.740,87.8000,21.52,0.0,0.0,0.0,0.0,0.0,0.0,0.0,126.150,17.0500,0.0,0.0,0.0,0.0,0.0,89.57,0.0,0.0,61.0300,0.0,0.0,0.0,0.0,0.0,0.0,0.0,0.0,0.0,0.0,0.0,0.0,18.52,0.0,0.0,0.0,0.0,0.0,0.0,0.0,14.55,0.0,0.0,0.0,0.0,0.0,0.0,0.0,0.0,0.0,0.0,0.0,0.0,0.0,0.0,0.0,0.0,0.0,0.0,0.0,0.0,0.0,0.0
15448.5956,48836.02,42688.12,350.130,79.8000,0.0,1829.08,178.290,462.200,0.0,43.68,0.0,0.0,0.0,0.0,0.0,33.9000,28.65,59.6100,34.1000,0.0,0.0,0.0,0.0,0.0,0.0,0.0,0.0,33.4000,0.0,0.0,0.0,0.0,0.0,0.0,0.0,0.0,0.0,0.0,0.0,82.8800,0.0,0.0,0.0,0.0,0.0,0.0,0.0,0.0,0.0,0.0,0.0,0.0,0.0,0.0,0.0,0.0,0.0,0.0,0.0,0.0,0.0,0.0,0.0,0.0,0.0,0.0,0.0,0.0,0.0,0.0,0.0
15461.378,48841.02,42688.12,232.400,0.0,0.0,2018.88,286.530,381.740,22.48,0.0,0.0,0.0,0.0,0.0,0.0,0.0,0.0,127.810,7.96,0.0,0.0,0.0,0.0,0.0,89.8800,0.0,0.0,11.75,0.0,0.0,0.0,0.0,0.0,0.0,38.7800,0.0,0.0,0.0,0.0,0.0,0.0,0.0,17.1200,0.0,0.0,0.0,0.0,0.0,0.0,0.0,0.0,0.0,13.05,0.0,0.0,0.0,48.5800,0.0,0.0,0.0,0.0,0.0,0.0,0.0,0.0,0.0,0.0,0.0,0.0,0.0,12.5600
15474.1604,48846.02,42688.12,15.5,108.780,0.0,1900.84,283.040,204.200,0.0,0.0,0.0,0.0,0.0,0.0,0.0,55.3800,0.0,17.7000,23.66,0.0,0.0,0.0,0.0,0.0,72.3000,0.0,20.8800,34.1900,0.0,0.0,0.0,0.0,0.0,0.0,0.0,0.0,0.0,0.0,18.0500,0.0,0.0,0.0,0.0,0.0,0.0,0.0,0.0,0.0,0.0,0.0,0.0,0.0,0.0,0.0,0.0,0.0,0.0,0.0,0.0,0.0,0.0,0.0,0.0,0.0,0.0,0.0,0.0,0.0,0.0,0.0,0.0
15486.9428,48851.02,42688.12,474.380,23.0,0.0,1449.39,122.080,586.160,51.68,75.32,0.0,0.0,0.0,0.0,0.0,63.0300,0.0,65.0800,14.2,0.0,0.0,44.7000,0.0,0.0,28.24,0.0,0.0,11.2800,0.0,0.0,0.0,0.0,0.0,0.0,0.0,0.0,0.0,0.0,0.0,30.0,19.35,0.0,0.0,0.0,0.0,0.0,0.0,0.0,0.0,0.0,0.0,0.0,0.0,0.0,0.0,0.0,0.0,0.0,0.0,0.0,0.0,0.0,0.0,0.0,0.0,0.0,0.0,0.0,0.0,0.0,0.0
15498.66,48856.02,42688.12,448.080,42.9000,19.25,501.400,289.090,693.510,28.6,97.8000,0.0,0.0,0.0,0.0,0.0,80.4000,0.0,158.390,0.0,0.0,0.0,0.0,0.0,0.0,195.240,0.0,0.0,0.0,0.0,0.0,0.0,0.0,0.0,0.0,0.0,23.7000,0.0,0.0,16.65,60.0,38.7000,38.9200,0.0,0.0,0.0,0.0,27.65,0.0,0.0,0.0,0.0,0.0,0.0,0.0,0.0,0.0,0.0,0.0,0.0,0.0,0.0,0.0,0.0,0.0,0.0,0.0,0.0,0.0,0.0,0.0,19.15
15511.4424,48861.02,42688.12,518.330,37.9500,38.5,1373.61,279.080,227.870,0.0,10.52,0.0,0.0,0.0,0.0,0.0,96.0,0.0,73.57,30.6,0.0,0.0,0.0,0.0,0.0,46.5,0.0,0.0,0.0,0.0,0.0,0.0,0.0,0.0,0.0,16.0,65.8500,0.0,0.0,54.6000,0.0,35.6500,18.0,12.48,0.0,0.0,0.0,55.3000,0.0,0.0,0.0,0.0,0.0,0.0,0.0,0.0,0.0,0.0,0.0,0.0,0.0,0.0,0.0,0.0,0.0,20.8000,0.0,0.0,0.0,0.0,0.0,0.0
15524.2248,48866.02,42688.12,101.530,0.0,0.0,1173.67,335.330,487.140,24.2000,62.0300,0.0,0.0,91.75,0.0,0.0,0.0,0.0,58.75,17.85,0.0,0.0,55.8000,0.0,0.0,0.0,0.0,0.0,67.8000,0.0,0.0,0.0,0.0,0.0,0.0,27.5600,0.0,0.0,0.0,20.15,0.0,18.8800,47.1000,0.0,0.0,0.0,0.0,0.0,0.0,0.0,0.0,0.0,0.0,0.0,0.0,0.0,0.0,0.0,0.0,0.0,0.0,0.0,0.0,0.0,0.0,0.0,16.9500,0.0,0.0,0.0,0.0,0.0
15537.0072,48871.02,42688.12,334.160,0.0,0.0,1849.54,278.5,629.190,0.0,0.0,0.0,0.0,0.0,0.0,0.0,49.7900,68.18,151.790,28.5600,0.0,0.0,0.0,0.0,0.0,68.0,0.0,19.85,13.6,0.0,0.0,0.0,0.0,0.0,0.0,72.6400,0.0,0.0,0.0,0.0,0.0,0.0,0.0,0.0,51.2400,0.0,0.0,0.0,0.0,25.4,0.0,0.0,0.0,0.0,0.0,0.0,0.0,0.0,0.0,0.0,0.0,0.0,0.0,0.0,0.0,0.0,0.0,0.0,0.0,0.0,0.0,0.0
15548.7244,48876.02,42688.12,460.890,0.0,0.0,1953.65,286.950,785.190,49.0,0.0,0.0,0.0,0.0,0.0,0.0,141.760,53.1000,36.4500,49.1900,0.0,0.0,0.0,0.0,0.0,0.0,0.0,0.0,27.2000,0.0,0.0,0.0,0.0,0.0,12.88,24.76,11.08,0.0,0.0,0.0,0.0,0.0,0.0,0.0,0.0,0.0,0.0,0.0,0.0,0.0,0.0,0.0,0.0,0.0,0.0,0.0,0.0,0.0,0.0,0.0,0.0,0.0,0.0,0.0,0.0,0.0,0.0,0.0,0.0,0.0,0.0,0.0
15561.5068,48881.02,42688.12,279.300,0.0,0.0,1284.20,723.25,374.450,0.0,0.0,0.0,13.7200,0.0,0.0,0.0,198.180,0.0,56.07,44.1000,0.0,0.0,24.2000,0.0,0.0,43.4000,13.6400,44.4600,0.0,0.0,0.0,0.0,0.0,0.0,0.0,0.0,27.7000,0.0,0.0,0.0,0.0,0.0,0.0,0.0,0.0,0.0,0.0,0.0,0.0,0.0,0.0,0.0,0.0,0.0,0.0,0.0,0.0,0.0,0.0,0.0,0.0,0.0,13.5,0.0,0.0,0.0,0.0,0.0,0.0,0.0,0.0,0.0
15574.2892,48886.02,42688.12,578.770,35.3500,0.0,1355.79,495.380,776.110,48.3500,0.0,0.0,0.0,0.0,0.0,0.0,47.6000,15.3,199.940,149.140,0.0,0.0,0.0,0.0,0.0,0.0,0.0,0.0,0.0,0.0,0.0,0.0,0.0,0.0,0.0,0.0,0.0,0.0,0.0,64.6500,13.75,0.0,0.0,0.0,0.0,0.0,0.0,0.0,0.0,0.0,0.0,0.0,0.0,0.0,0.0,0.0,0.0,0.0,0.0,0.0,0.0,0.0,0.0,0.0,0.0,0.0,0.0,0.0,0.0,0.0,0.0,0.0
15587.0716,48891.02,42688.12,539.690,29.0,94.4000,1662.92,245.020,978.310,11.75,0.0,0.0,0.0,50.3100,0.0,0.0,99.7700,15.92,156.600,111.700,0.0,0.0,0.0,0.0,0.0,0.0,14.12,0.0,16.6,0.0,0.0,0.0,0.0,0.0,0.0,0.0,12.6,0.0,0.0,14.0400,22.0,0.0,0.0,0.0,0.0,0.0,0.0,0.0,0.0,0.0,0.0,0.0,0.0,0.0,0.0,0.0,0.0,0.0,0.0,0.0,0.0,16.6400,0.0,0.0,0.0,0.0,0.0,0.0,0.0,0.0,0.0,0.0
15598.7888,48896.02,42688.12,227.810,26.25,0.0,1728.39,479.030,257.370,0.0,0.0,0.0,0.0,0.0,0.0,0.0,112.620,0.0,188.100,0.0,0.0,0.0,0.0,0.0,0.0,62.4500,0.0,25.35,98.0200,0.0,0.0,0.0,0.0,0.0,0.0,0.0,9.56000,0.0,0.0,0.0,150.680,99.6000,0.0,0.0,0.0,0.0,0.0,0.0,0.0,0.0,0.0,0.0,0.0,0.0,0.0,0.0,0.0,0.0,0.0,0.0,0.0,0.0,0.0,0.0,0.0,0.0,0.0,0.0,0.0,0.0,0.0,0.0
15611.5712,48901.02,42688.12,226.430,0.0,0.0,1356.51,212.530,716.360,38.8500,0.0,0.0,0.0,0.0,0.0,0.0,127.970,11.76,24.7000,16.4500,0.0,0.0,0.0,0.0,0.0,62.9000,0.0,9.8,0.0,0.0,0.0,0.0,0.0,0.0,0.0,0.0,0.0,0.0,0.0,0.0,0.0,0.0,0.0,0.0,0.0,0.0,0.0,0.0,0.0,0.0,0.0,0.0,0.0,0.0,0.0,0.0,0.0,0.0,0.0,0.0,0.0,0.0,0.0,0.0,0.0,0.0,0.0,0.0,0.0,0.0,0.0,0.0
15624.3536,48906.02,42688.12,237.830,16.4,0.0,469.550,95.0200,1016.18,86.7000,0.0,0.0,0.0,0.0,0.0,0.0,20.25,0.0,65.2400,18.2000,0.0,0.0,0.0,0.0,0.0,82.0500,0.0,0.0,40.3500,0.0,0.0,0.0,0.0,0.0,0.0,0.0,0.0,0.0,0.0,0.0,0.0,0.0,0.0,0.0,0.0,0.0,0.0,0.0,0.0,0.0,0.0,0.0,0.0,0.0,0.0,0.0,0.0,0.0,0.0,0.0,0.0,0.0,0.0,0.0,0.0,0.0,0.0,0.0,0.0,0.0,0.0,0.0
15637.136,48911.02,42688.12,50.5500,31.9500,0.0,1527.89,69.3900,532.440,0.0,0.0,0.0,0.0,0.0,0.0,0.0,130.260,0.0,189.530,0.0,0.0,0.0,0.0,0.0,0.0,0.0,0.0,0.0,90.5800,0.0,0.0,0.0,0.0,0.0,0.0,62.02,0.0,0.0,0.0,0.0,0.0,12.5600,11.4,0.0,0.0,0.0,0.0,0.0,0.0,0.0,0.0,0.0,0.0,0.0,0.0,0.0,0.0,0.0,0.0,0.0,0.0,0.0,0.0,0.0,0.0,0.0,50.4000,0.0,0.0,0.0,0.0,0.0
15648.8532,48916.02,42688.12,228.830,0.0,22.9600,821.170,73.0500,545.930,0.0,20.15,0.0,0.0,0.0,0.0,0.0,13.05,13.8,212.610,9.55,24.5,0.0,0.0,0.0,0.0,75.4500,0.0,0.0,14.35,0.0,0.0,0.0,0.0,0.0,0.0,0.0,44.3900,0.0,14.44,0.0,0.0,87.75,25.3000,0.0,0.0,0.0,0.0,0.0,0.0,0.0,0.0,0.0,0.0,0.0,0.0,0.0,0.0,0.0,0.0,0.0,0.0,0.0,0.0,0.0,0.0,0.0,0.0,0.0,0.0,0.0,0.0,0.0
15661.6356,48921.02,42688.12,120.050,0.0,0.0,1237.68,625.290,124.010,10.15,38.3600,0.0,0.0,0.0,0.0,0.0,0.0,0.0,138.900,0.0,0.0,0.0,0.0,0.0,0.0,0.0,0.0,0.0,0.0,0.0,0.0,0.0,0.0,0.0,0.0,0.0,42.75,0.0,0.0,0.0,15.5,0.0,0.0,0.0,0.0,0.0,0.0,0.0,0.0,0.0,0.0,0.0,0.0,0.0,0.0,0.0,0.0,0.0,0.0,0.0,0.0,0.0,0.0,0.0,0.0,0.0,0.0,0.0,0.0,0.0,0.0,0.0
15674.418,48926.02,42688.12,377.040,33.57,0.0,1488.71,218.980,706.730,78.5200,0.0,0.0,0.0,0.0,0.0,0.0,72.7000,0.0,84.8400,70.6500,0.0,0.0,0.0,0.0,0.0,9.85,0.0,0.0,0.0,0.0,0.0,0.0,22.3000,0.0,0.0,0.0,0.0,0.0,0.0,0.0,0.0,0.0,77.0,0.0,0.0,0.0,0.0,0.0,0.0,0.0,0.0,0.0,0.0,0.0,0.0,0.0,0.0,0.0,0.0,0.0,0.0,0.0,0.0,0.0,0.0,0.0,0.0,0.0,0.0,0.0,0.0,0.0
15687.2004,48931.02,42688.12,439.5,0.0,0.0,732.970,41.0500,196.540,67.8000,43.3500,0.0,0.0,0.0,0.0,0.0,136.020,0.0,79.2000,52.7000,0.0,0.0,0.0,0.0,0.0,38.82,0.0,0.0,33.41,0.0,0.0,0.0,0.0,0.0,0.0,56.4000,0.0,0.0,0.0,50.6200,0.0,0.0,0.0,0.0,0.0,0.0,0.0,0.0,0.0,0.0,0.0,0.0,0.0,0.0,0.0,0.0,0.0,0.0,0.0,0.0,0.0,0.0,0.0,0.0,0.0,0.0,0.0,0.0,0.0,0.0,24.15,0.0
15698.9176,48936.02,42688.12,645.530,44.8000,0.0,1451.73,339.150,454.910,50.8000,0.0,0.0,0.0,0.0,0.0,0.0,2800.83,0.0,87.2800,0.0,0.0,0.0,0.0,0.0,0.0,77.4000,0.0,24.25,28.9,0.0,0.0,0.0,0.0,0.0,0.0,0.0,28.08,0.0,0.0,0.0,37.0500,0.0,0.0,0.0,0.0,0.0,0.0,0.0,0.0,0.0,0.0,0.0,0.0,0.0,0.0,0.0,0.0,0.0,0.0,0.0,0.0,10.55,0.0,0.0,0.0,0.0,0.0,0.0,0.0,0.0,48.3000,0.0
15711.7,48941.02,42688.12,507.25,116.300,0.0,687.430,189.25,257.850,10.55,205.380,0.0,0.0,0.0,0.0,0.0,118.0,0.0,36.3700,88.3500,0.0,0.0,0.0,0.0,0.0,0.0,0.0,14.25,35.5,0.0,69.9400,0.0,0.0,0.0,0.0,44.66,14.2,0.0,0.0,32.8500,9.9,0.0,11.92,0.0,0.0,0.0,0.0,0.0,0.0,0.0,0.0,0.0,0.0,0.0,0.0,0.0,0.0,0.0,0.0,0.0,0.0,0.0,0.0,0.0,0.0,0.0,0.0,0.0,0.0,0.0,0.0,0.0
15724.4824,48946.02,42688.12,3775.64,173.100,62.8600,5409.44,310.420,596.480,21.85,0.0,0.0,0.0,86.6600,0.0,0.0,0.0,0.0,180.120,77.5200,0.0,0.0,0.0,0.0,0.0,40.43,0.0,0.0,56.8000,39.9000,0.0,0.0,0.0,0.0,0.0,0.0,0.0,0.0,0.0,0.0,0.0,0.0,0.0,0.0,0.0,0.0,0.0,0.0,0.0,0.0,0.0,0.0,0.0,0.0,0.0,0.0,0.0,0.0,0.0,0.0,0.0,0.0,0.0,0.0,0.0,0.0,0.0,0.0,0.0,0.0,0.0,0.0
15736.1996,48951.02,42688.12,37428.6,1319.43,73.2800,40129.6,1836.36,1322.99,180.870,13.92,0.0,0.0,0.0,0.0,0.0,77.4100,0.0,82.8600,60.7600,0.0,0.0,71.9800,0.0,0.0,31.5,0.0,40.6900,39.6500,0.0,0.0,0.0,0.0,0.0,0.0,0.0,82.7900,0.0,0.0,0.0,0.0,0.0,0.0,0.0,0.0,0.0,0.0,0.0,13.35,0.0,0.0,0.0,0.0,0.0,0.0,0.0,0.0,0.0,0.0,0.0,0.0,0.0,0.0,0.0,0.0,0.0,0.0,0.0,0.0,0.0,0.0,0.0
15748.982,48956.02,42688.12,575.640,123.520,0.0,1695.09,240.840,803.950,81.93,0.0,0.0,0.0,0.0,0.0,0.0,77.1500,0.0,47.8500,0.0,0.0,0.0,0.0,0.0,0.0,26.35,0.0,0.0,215.980,0.0,0.0,0.0,0.0,0.0,0.0,0.0,13.2,0.0,0.0,17.1200,8.92,9.68,0.0,0.0,0.0,0.0,0.0,0.0,0.0,0.0,29.1200,0.0,0.0,0.0,0.0,0.0,0.0,0.0,0.0,0.0,0.0,0.0,0.0,0.0,0.0,0.0,0.0,0.0,0.0,0.0,0.0,0.0
15761.7644,48961.02,42688.12,121.810,22.0400,21.0,799.75,140.350,463.820,21.0600,0.0,0.0,0.0,0.0,0.0,0.0,86.0,0.0,213.020,15.8,0.0,0.0,0.0,0.0,0.0,0.0,0.0,0.0,12.52,0.0,0.0,0.0,0.0,0.0,10.95,0.0,33.0,0.0,0.0,14.2,0.0,0.0,0.0,0.0,0.0,0.0,0.0,0.0,0.0,0.0,0.0,0.0,126.700,0.0,0.0,0.0,0.0,0.0,0.0,0.0,11.5600,0.0,0.0,0.0,0.0,0.0,0.0,0.0,0.0,0.0,0.0,0.0
15774.5468,48966.02,42688.12,301.670,0.0,0.0,928.420,640.880,372.760,197.210,0.0,0.0,0.0,0.0,0.0,0.0,7.92,0.0,10.85,25.65,0.0,0.0,0.0,0.0,0.0,119.82,0.0,0.0,109.490,0.0,0.0,0.0,0.0,0.0,17.52,0.0,60.1500,0.0,0.0,99.0,0.0,0.0,0.0,0.0,0.0,0.0,0.0,0.0,0.0,0.0,0.0,0.0,0.0,0.0,0.0,0.0,0.0,0.0,0.0,24.1200,0.0,0.0,0.0,0.0,0.0,0.0,11.68,0.0,0.0,0.0,0.0,0.0
15786.264,48971.02,42688.12,137.840,0.0,0.0,1636.38,350.070,1059.49,0.0,14.92,0.0,0.0,0.0,0.0,0.0,32.7200,15.8400,113.090,105.970,0.0,0.0,0.0,0.0,0.0,20.25,0.0,12.4400,35.2800,0.0,0.0,0.0,0.0,0.0,0.0,0.0,123.300,0.0,0.0,0.0,0.0,0.0,0.0,0.0,0.0,0.0,0.0,0.0,0.0,0.0,0.0,0.0,0.0,0.0,0.0,0.0,0.0,0.0,0.0,0.0,0.0,0.0,0.0,0.0,0.0,107.240,0.0,0.0,0.0,0.0,0.0,0.0
15799.0464,48976.02,42688.12,418.470,96.1600,0.0,1552.39,132.110,488.270,0.0,17.5500,0.0,0.0,0.0,114.300,0.0,81.5,0.0,30.7800,141.950,0.0,0.0,0.0,0.0,0.0,63.4500,0.0,0.0,15.32,0.0,0.0,0.0,0.0,0.0,0.0,11.3,0.0,0.0,0.0,0.0,0.0,0.0,0.0,0.0,0.0,26.25,0.0,0.0,0.0,0.0,0.0,0.0,0.0,0.0,0.0,0.0,0.0,0.0,0.0,0.0,0.0,0.0,0.0,0.0,0.0,0.0,0.0,0.0,0.0,0.0,0.0,0.0
15811.8288,48981.02,42688.12,311.790,0.0,0.0,1812.20,273.240,599.700,75.9500,49.9500,0.0,0.0,70.2800,0.0,0.0,126.950,0.0,87.8900,58.5800,0.0,66.1700,0.0,0.0,0.0,0.0,0.0,0.0,0.0,0.0,0.0,0.0,0.0,0.0,0.0,0.0,15.8,0.0,0.0,0.0,0.0,0.0,119.380,0.0,0.0,0.0,0.0,0.0,0.0,0.0,0.0,0.0,0.0,0.0,0.0,0.0,0.0,0.0,0.0,0.0,0.0,0.0,0.0,0.0,0.0,0.0,0.0,0.0,0.0,0.0,0.0,0.0
15824.6112,48986.02,42688.12,197.850,25.2800,45.0400,600.070,243.490,849.940,9.24,0.0,0.0,0.0,0.0,0.0,0.0,139.680,0.0,83.5500,0.0,0.0,0.0,34.4500,0.0,0.0,20.4500,0.0,41.6400,0.0,0.0,0.0,0.0,0.0,0.0,0.0,0.0,0.0,0.0,0.0,0.0,20.4500,0.0,0.0,0.0,0.0,48.2400,0.0,0.0,0.0,0.0,0.0,0.0,0.0,0.0,0.0,0.0,0.0,0.0,0.0,0.0,0.0,0.0,0.0,0.0,0.0,13.9600,0.0,0.0,0.0,0.0,0.0,0.0
15836.3284,48991.02,42688.12,322.610,34.0,61.75,1038.65,490.200,711.960,49.1400,127.900,0.0,0.0,0.0,0.0,0.0,67.7400,39.6000,41.0500,0.0,0.0,0.0,35.4000,0.0,0.0,0.0,0.0,0.0,0.0,0.0,0.0,0.0,0.0,0.0,0.0,0.0,36.0100,0.0,0.0,0.0,0.0,0.0,0.0,0.0,0.0,0.0,0.0,0.0,0.0,0.0,0.0,0.0,0.0,0.0,15.9600,0.0,0.0,0.0,0.0,0.0,0.0,0.0,0.0,0.0,0.0,0.0,0.0,0.0,0.0,0.0,0.0,0.0
15849.1108,48996.02,42688.12,24.9700,28.1,0.0,781.75,364.490,936.350,13.9,0.0,0.0,0.0,0.0,0.0,0.0,62.75,0.0,109.220,45.6500,0.0,0.0,0.0,0.0,0.0,9.9,0.0,0.0,22.9,0.0,0.0,0.0,0.0,0.0,0.0,0.0,88.3500,0.0,0.0,0.0,0.0,16.25,12.0,0.0,0.0,0.0,0.0,0.0,0.0,0.0,0.0,0.0,0.0,0.0,0.0,0.0,0.0,0.0,0.0,0.0,0.0,0.0,0.0,0.0,52.9500,0.0,0.0,0.0,0.0,0.0,0.0,0.0
15861.8932,49001.02,42688.12,247.570,16.85,0.0,2824.23,146.310,935.0,8.68,0.0,0.0,0.0,0.0,0.0,0.0,16.1200,11.4,29.9,38.3800,0.0,0.0,0.0,0.0,0.0,84.2000,0.0,0.0,0.0,0.0,0.0,0.0,0.0,0.0,0.0,0.0,0.0,0.0,0.0,0.0,20.0,0.0,0.0,0.0,0.0,0.0,0.0,0.0,0.0,0.0,20.16,0.0,0.0,0.0,0.0,0.0,11.48,0.0,0.0,0.0,0.0,0.0,0.0,0.0,0.0,0.0,0.0,0.0,0.0,0.0,0.0,0.0
15874.6756,49006.02,42688.12,179.310,30.8800,0.0,1904.08,290.780,645.040,181.980,0.0,0.0,0.0,0.0,0.0,0.0,0.0,0.0,182.650,54.6000,0.0,0.0,0.0,0.0,0.0,0.0,0.0,0.0,0.0,0.0,0.0,0.0,0.0,0.0,0.0,0.0,0.0,0.0,0.0,0.0,24.34,0.0,56.5600,0.0,0.0,0.0,0.0,0.0,0.0,0.0,0.0,0.0,0.0,0.0,0.0,0.0,0.0,0.0,0.0,0.0,0.0,0.0,0.0,0.0,0.0,0.0,0.0,0.0,0.0,0.0,0.0,0.0
15886.3928,49011.02,42688.12,137.640,0.0,0.0,756.140,132.280,1345.62,31.3600,41.7200,0.0,0.0,0.0,0.0,0.0,81.93,0.0,173.980,18.4,0.0,0.0,0.0,0.0,0.0,61.7600,0.0,71.4700,13.85,0.0,0.0,0.0,0.0,0.0,9.44000,0.0,0.0,0.0,0.0,0.0,23.4,19.4,0.0,0.0,0.0,0.0,0.0,0.0,0.0,0.0,0.0,0.0,0.0,0.0,0.0,0.0,0.0,0.0,0.0,0.0,0.0,0.0,0.0,0.0,0.0,0.0,0.0,0.0,0.0,0.0,0.0,0.0
15899.1752,49016.02,42688.12,234.030,63.59,0.0,5616.95,201.060,661.830,76.68,9.7,0.0,0.0,0.0,0.0,0.0,46.8500,0.0,39.2100,0.0,0.0,0.0,0.0,0.0,0.0,73.4000,0.0,0.0,11.7200,0.0,0.0,0.0,0.0,0.0,0.0,0.0,0.0,0.0,0.0,0.0,90.3000,11.6,15.1,0.0,0.0,0.0,0.0,0.0,0.0,0.0,0.0,0.0,0.0,0.0,0.0,0.0,0.0,0.0,0.0,0.0,0.0,0.0,0.0,0.0,0.0,0.0,0.0,0.0,0.0,0.0,0.0,0.0
15911.9576,49021.02,42688.12,58.7000,0.0,0.0,1909.15,196.600,112.150,22.2000,9.7,0.0,0.0,0.0,0.0,0.0,0.0,18.35,57.7000,61.4500,0.0,0.0,0.0,0.0,0.0,63.2000,0.0,0.0,0.0,0.0,0.0,0.0,0.0,0.0,0.0,52.8000,25.25,0.0,11.6,0.0,23.2000,0.0,0.0,0.0,0.0,0.0,0.0,0.0,0.0,36.8000,0.0,0.0,0.0,0.0,0.0,0.0,0.0,0.0,0.0,0.0,0.0,0.0,0.0,0.0,0.0,0.0,0.0,0.0,0.0,0.0,0.0,0.0
15924.74,49026.02,42688.12,461.070,19.2000,0.0,799.860,258.150,132.490,161.860,0.0,0.0,0.0,0.0,0.0,0.0,21.2000,26.7000,60.5800,0.0,36.4000,23.2000,13.8400,0.0,0.0,0.0,0.0,0.0,104.140,0.0,0.0,0.0,0.0,0.0,0.0,0.0,52.6400,0.0,18.5600,12.1,0.0,0.0,0.0,0.0,0.0,0.0,0.0,0.0,0.0,0.0,0.0,0.0,0.0,0.0,0.0,0.0,0.0,0.0,0.0,0.0,0.0,0.0,0.0,0.0,0.0,0.0,0.0,0.0,0.0,0.0,0.0,0.0
15936.4572,49031.02,42688.12,399.530,540.430,12.5600,999.040,193.370,187.890,144.320,0.0,0.0,0.0,0.0,0.0,0.0,45.0,0.0,0.0,42.1200,0.0,0.0,26.35,0.0,0.0,27.82,0.0,0.0,0.0,0.0,0.0,0.0,0.0,0.0,0.0,15.24,0.0,0.0,0.0,8.2,0.0,0.0,0.0,0.0,0.0,21.6,0.0,0.0,0.0,0.0,0.0,0.0,0.0,0.0,0.0,0.0,0.0,0.0,0.0,0.0,0.0,0.0,0.0,0.0,0.0,0.0,0.0,0.0,0.0,0.0,0.0,0.0
15949.2396,49036.02,42688.12,372.570,473.240,31.4,6949.77,562.350,707.470,443.070,0.0,0.0,0.0,0.0,0.0,0.0,58.5,0.0,37.8500,79.9500,51.75,0.0,11.35,0.0,0.0,37.8800,0.0,0.0,22.68,0.0,0.0,0.0,0.0,0.0,0.0,0.0,16.52,0.0,0.0,0.0,0.0,0.0,0.0,0.0,0.0,0.0,0.0,0.0,0.0,0.0,0.0,0.0,0.0,0.0,0.0,0.0,0.0,0.0,0.0,0.0,0.0,0.0,0.0,0.0,56.84,0.0,0.0,0.0,0.0,0.0,0.0,0.0
15962.022,49041.02,42688.12,313.120,42.0800,0.0,726.640,70.7200,690.130,33.3000,0.0,0.0,0.0,0.0,79.1100,0.0,42.4500,9.55,158.710,0.0,0.0,0.0,0.0,0.0,0.0,37.8500,0.0,0.0,0.0,0.0,0.0,0.0,0.0,0.0,0.0,0.0,38.4000,0.0,22.32,0.0,0.0,0.0,0.0,0.0,0.0,0.0,55.7200,0.0,0.0,0.0,0.0,0.0,0.0,0.0,0.0,0.0,0.0,0.0,0.0,0.0,0.0,0.0,0.0,0.0,0.0,0.0,0.0,0.0,0.0,0.0,0.0,0.0
15974.8044,49046.02,42688.12,270.570,46.7800,74.3500,886.650,253.950,1550.47,28.2000,0.0,0.0,0.0,0.0,12.0,0.0,24.9,0.0,109.600,15.5,0.0,0.0,0.0,0.0,0.0,0.0,0.0,0.0,81.43,0.0,0.0,0.0,0.0,0.0,0.0,0.0,0.0,0.0,0.0,0.0,0.0,0.0,0.0,0.0,0.0,0.0,0.0,0.0,0.0,0.0,0.0,0.0,0.0,0.0,0.0,0.0,0.0,0.0,0.0,0.0,0.0,0.0,0.0,0.0,0.0,0.0,0.0,0.0,0.0,0.0,0.0,0.0
15986.5216,49051.02,42688.12,85.3900,144.5,0.0,675.970,352.590,750.680,0.0,0.0,0.0,0.0,0.0,0.0,0.0,103.350,0.0,0.0,15.7200,0.0,0.0,13.15,0.0,0.0,0.0,0.0,0.0,186.650,0.0,0.0,0.0,0.0,0.0,0.0,0.0,20.4500,0.0,0.0,0.0,0.0,0.0,0.0,0.0,0.0,0.0,0.0,0.0,0.0,0.0,0.0,0.0,0.0,0.0,0.0,0.0,0.0,0.0,0.0,0.0,0.0,0.0,0.0,0.0,13.4,0.0,0.0,0.0,0.0,0.0,0.0,0.0
15999.304,49056.02,42688.12,157.680,0.0,0.0,959.840,88.2000,464.190,55.6700,0.0,0.0,0.0,0.0,18.3600,0.0,0.0,0.0,30.42,0.0,0.0,0.0,0.0,0.0,0.0,35.75,0.0,12.6,19.5500,0.0,0.0,0.0,0.0,0.0,0.0,0.0,16.9,0.0,23.9,77.8400,0.0,9.88,0.0,0.0,0.0,0.0,0.0,0.0,0.0,0.0,0.0,0.0,0.0,0.0,0.0,0.0,0.0,0.0,0.0,0.0,0.0,0.0,0.0,0.0,0.0,0.0,12.5,0.0,0.0,0.0,0.0,0.0
16012.0864,49061.02,42688.12,464.520,0.0,0.0,1264.99,204.410,411.870,57.0,0.0,0.0,0.0,0.0,0.0,0.0,156.870,69.68,55.32,0.0,0.0,0.0,0.0,0.0,0.0,12.45,0.0,0.0,0.0,0.0,0.0,0.0,0.0,0.0,11.64,0.0,0.0,13.1,0.0,0.0,0.0,17.6,9.75,0.0,0.0,0.0,0.0,0.0,0.0,0.0,0.0,0.0,0.0,0.0,0.0,0.0,0.0,0.0,0.0,0.0,0.0,0.0,0.0,0.0,0.0,0.0,33.7600,0.0,0.0,0.0,0.0,0.0
16023.8036,49066.02,42688.12,262.790,0.0,0.0,763.580,274.600,356.760,8.92,82.4800,0.0,0.0,16.5,0.0,0.0,9.05,0.0,74.1000,0.0,0.0,79.9500,0.0,0.0,0.0,34.7200,0.0,0.0,0.0,0.0,0.0,0.0,0.0,0.0,0.0,0.0,15.32,0.0,0.0,0.0,0.0,0.0,0.0,0.0,0.0,0.0,0.0,0.0,0.0,0.0,0.0,0.0,0.0,0.0,0.0,0.0,0.0,0.0,0.0,0.0,0.0,0.0,0.0,0.0,0.0,0.0,0.0,53.1700,0.0,0.0,0.0,0.0
16036.586,49071.02,42688.12,300.600,227.160,49.5300,8991.84,537.0,442.960,8.7,24.3600,0.0,0.0,0.0,0.0,0.0,112.450,14.05,0.0,0.0,0.0,0.0,0.0,0.0,0.0,18.9500,0.0,14.8400,32.84,0.0,0.0,0.0,0.0,0.0,0.0,0.0,0.0,0.0,0.0,0.0,13.75,0.0,0.0,0.0,0.0,0.0,0.0,0.0,0.0,0.0,0.0,0.0,31.6,26.7800,0.0,0.0,0.0,0.0,0.0,0.0,0.0,0.0,0.0,0.0,0.0,0.0,0.0,0.0,0.0,0.0,0.0,0.0
16049.3684,49076.02,42688.12,158.810,324.990,0.0,23892.9,801.400,853.870,54.4500,59.1500,0.0,0.0,13.7,0.0,0.0,72.1200,0.0,70.8400,49.6000,0.0,0.0,0.0,0.0,0.0,0.0,0.0,37.1000,0.0,0.0,0.0,0.0,0.0,0.0,60.0600,0.0,13.6,0.0,0.0,0.0,0.0,0.0,0.0,0.0,0.0,0.0,0.0,0.0,0.0,0.0,0.0,0.0,0.0,0.0,0.0,0.0,0.0,0.0,0.0,0.0,0.0,0.0,0.0,0.0,0.0,0.0,0.0,0.0,0.0,0.0,0.0,0.0
16062.1508,49081.02,42688.12,274.270,11.95,0.0,1139.14,331.570,353.150,115.530,16.65,0.0,0.0,0.0,0.0,0.0,14.44,0.0,132.800,16.4,0.0,0.0,0.0,0.0,0.0,0.0,0.0,0.0,130.450,0.0,0.0,0.0,0.0,0.0,0.0,0.0,21.76,0.0,0.0,22.48,0.0,0.0,0.0,0.0,0.0,0.0,0.0,0.0,0.0,0.0,0.0,0.0,0.0,0.0,0.0,0.0,0.0,0.0,0.0,0.0,0.0,0.0,0.0,0.0,0.0,0.0,0.0,0.0,0.0,0.0,0.0,0.0
16073.868,49086.02,42688.12,137.980,64.2200,0.0,2098.5,371.570,251.020,0.0,113.990,0.0,0.0,0.0,0.0,0.0,12.9600,0.0,231.570,36.5600,0.0,0.0,0.0,0.0,0.0,0.0,0.0,33.8000,0.0,0.0,0.0,12.68,0.0,45.2200,0.0,0.0,0.0,0.0,0.0,0.0,13.15,0.0,0.0,0.0,0.0,0.0,0.0,0.0,0.0,0.0,9.28000,0.0,0.0,0.0,0.0,0.0,0.0,0.0,0.0,0.0,0.0,0.0,0.0,0.0,0.0,0.0,0.0,0.0,0.0,0.0,0.0,0.0
16086.6504,49091.02,42688.12,435.960,0.0,0.0,1929.64,26.9,151.380,75.3800,0.0,0.0,0.0,0.0,0.0,0.0,144.200,0.0,17.65,63.1400,0.0,0.0,0.0,0.0,0.0,157.550,0.0,110.550,20.0500,0.0,0.0,0.0,0.0,0.0,0.0,0.0,84.5,0.0,22.8800,0.0,0.0,0.0,16.3600,0.0,0.0,0.0,0.0,0.0,0.0,0.0,0.0,0.0,0.0,0.0,0.0,0.0,0.0,0.0,0.0,0.0,0.0,0.0,0.0,0.0,0.0,0.0,0.0,0.0,0.0,0.0,0.0,0.0
16099.4328,49096.02,42688.12,413.180,0.0,0.0,1259.53,355.430,625.720,22.8000,0.0,0.0,0.0,0.0,0.0,0.0,39.5,0.0,71.2000,51.1400,0.0,0.0,0.0,0.0,0.0,44.8500,0.0,0.0,13.65,0.0,0.0,0.0,0.0,0.0,0.0,0.0,0.0,0.0,0.0,0.0,0.0,0.0,33.4500,0.0,0.0,0.0,0.0,0.0,0.0,0.0,0.0,0.0,0.0,0.0,0.0,0.0,0.0,0.0,0.0,0.0,0.0,0.0,0.0,0.0,0.0,0.0,0.0,44.8500,0.0,0.0,0.0,0.0
16112.2152,49101.02,42688.12,352.330,0.0,0.0,1364.03,218.25,770.080,13.8,0.0,0.0,0.0,0.0,0.0,0.0,28.98,17.8000,98.3300,68.5300,0.0,0.0,0.0,0.0,0.0,25.0,0.0,21.0,38.9200,0.0,0.0,0.0,0.0,0.0,0.0,0.0,0.0,0.0,0.0,0.0,0.0,0.0,33.1200,14.5,0.0,0.0,0.0,0.0,0.0,61.8000,0.0,0.0,13.75,0.0,0.0,0.0,0.0,0.0,0.0,0.0,0.0,0.0,0.0,0.0,0.0,0.0,0.0,0.0,0.0,0.0,0.0,0.0
16123.9324,49106.02,42688.12,506.200,26.6400,0.0,1147.66,521.5,465.800,73.9000,0.0,0.0,0.0,0.0,0.0,0.0,40.9200,0.0,69.2600,21.8000,0.0,0.0,0.0,0.0,0.0,92.2000,0.0,16.65,21.23,0.0,0.0,0.0,0.0,0.0,0.0,0.0,52.8000,0.0,0.0,0.0,0.0,0.0,79.82,0.0,0.0,0.0,0.0,0.0,0.0,0.0,0.0,0.0,0.0,0.0,0.0,0.0,0.0,0.0,0.0,0.0,0.0,0.0,0.0,0.0,0.0,0.0,0.0,0.0,0.0,0.0,0.0,0.0
16136.7148,49111.02,42688.12,462.360,0.0,0.0,607.700,669.330,733.0,0.0,0.0,0.0,0.0,0.0,0.0,0.0,24.25,0.0,126.390,54.5,0.0,0.0,0.0,0.0,0.0,0.0,0.0,38.4500,11.52,0.0,0.0,0.0,0.0,0.0,0.0,0.0,54.3000,0.0,0.0,0.0,0.0,0.0,55.1200,0.0,0.0,0.0,0.0,0.0,0.0,0.0,0.0,0.0,0.0,0.0,0.0,0.0,0.0,0.0,0.0,0.0,0.0,0.0,0.0,0.0,0.0,0.0,0.0,0.0,0.0,0.0,0.0,0.0
16149.4972,49116.02,42688.12,897.830,18.24,0.0,1793.65,128.670,747.670,19.2000,0.0,0.0,0.0,0.0,0.0,0.0,58.09,0.0,204.920,167.880,0.0,0.0,0.0,0.0,0.0,0.0,0.0,0.0,0.0,0.0,0.0,0.0,0.0,0.0,0.0,0.0,31.6400,0.0,0.0,17.5500,0.0,0.0,0.0,0.0,0.0,0.0,0.0,0.0,0.0,0.0,0.0,0.0,0.0,0.0,0.0,0.0,0.0,0.0,0.0,0.0,17.8000,0.0,0.0,0.0,0.0,0.0,0.0,0.0,0.0,0.0,0.0,0.0
16162.2796,49121.02,42688.12,105.230,0.0,0.0,1177.16,304.810,175.410,27.9600,14.68,0.0,0.0,0.0,52.7800,0.0,11.4,24.0500,98.0500,125.960,0.0,0.0,0.0,0.0,0.0,0.0,0.0,0.0,0.0,0.0,0.0,0.0,0.0,0.0,0.0,0.0,0.0,0.0,50.9600,0.0,0.0,19.3600,10.15,0.0,0.0,0.0,0.0,0.0,0.0,0.0,0.0,0.0,0.0,0.0,0.0,0.0,0.0,0.0,0.0,0.0,0.0,0.0,0.0,0.0,0.0,0.0,35.2800,0.0,0.0,0.0,0.0,0.0
16173.9968,49126.02,42688.12,52.34,0.0,0.0,1580.58,109.170,850.030,24.9600,31.4,0.0,0.0,0.0,0.0,0.0,136.520,0.0,45.6500,156.600,0.0,0.0,0.0,0.0,0.0,0.0,62.7200,0.0,233.840,0.0,0.0,0.0,0.0,0.0,0.0,15.1600,0.0,0.0,0.0,0.0,0.0,0.0,8.48,0.0,0.0,0.0,0.0,0.0,0.0,0.0,0.0,0.0,0.0,0.0,0.0,0.0,0.0,0.0,0.0,0.0,0.0,0.0,0.0,0.0,0.0,0.0,0.0,0.0,0.0,0.0,0.0,0.0
16186.7792,49131.02,42688.12,185.040,0.0,0.0,3697.55,137.200,598.050,105.75,0.0,0.0,0.0,0.0,0.0,0.0,32.0,0.0,0.0,0.0,0.0,0.0,0.0,0.0,0.0,0.0,0.0,37.3800,0.0,0.0,0.0,0.0,0.0,0.0,0.0,0.0,0.0,0.0,0.0,0.0,0.0,10.9,118.57,0.0,0.0,0.0,0.0,0.0,9.95,0.0,0.0,0.0,0.0,0.0,0.0,0.0,0.0,0.0,0.0,0.0,0.0,0.0,0.0,0.0,0.0,14.0,0.0,0.0,16.0,0.0,0.0,0.0
16199.5616,49136.02,42688.12,687.100,0.0,0.0,2083.80,477.850,601.100,26.85,0.0,0.0,0.0,0.0,11.2,0.0,0.0,0.0,0.0,72.4500,0.0,0.0,0.0,0.0,0.0,0.0,0.0,24.6,0.0,0.0,0.0,0.0,0.0,0.0,0.0,0.0,0.0,0.0,0.0,0.0,0.0,0.0,18.15,0.0,0.0,0.0,0.0,0.0,0.0,0.0,0.0,0.0,0.0,0.0,0.0,0.0,0.0,0.0,0.0,0.0,0.0,0.0,0.0,0.0,0.0,0.0,18.25,0.0,0.0,0.0,0.0,0.0
16212.344,49141.02,42688.12,177.780,0.0,0.0,2177.95,301.490,523.780,34.0600,0.0,18.65,0.0,0.0,0.0,0.0,30.4,0.0,70.0600,18.15,0.0,0.0,0.0,0.0,0.0,18.08,0.0,0.0,0.0,0.0,0.0,0.0,0.0,0.0,0.0,0.0,12.2,0.0,0.0,0.0,0.0,0.0,0.0,0.0,0.0,0.0,0.0,0.0,0.0,0.0,0.0,0.0,0.0,25.4500,0.0,0.0,0.0,0.0,0.0,0.0,0.0,0.0,0.0,0.0,0.0,0.0,29.9,0.0,17.76,0.0,0.0,0.0
16224.0612,49146.02,42688.12,511.770,0.0,0.0,2505.39,184.600,735.770,83.6300,15.45,0.0,0.0,0.0,0.0,0.0,185.540,45.2400,32.9000,86.0300,0.0,0.0,0.0,0.0,0.0,0.0,0.0,0.0,12.8400,0.0,0.0,0.0,0.0,0.0,0.0,0.0,0.0,0.0,0.0,0.0,0.0,10.5600,0.0,0.0,0.0,0.0,0.0,0.0,0.0,0.0,0.0,0.0,0.0,0.0,0.0,0.0,0.0,0.0,0.0,0.0,0.0,0.0,0.0,0.0,0.0,0.0,59.8000,0.0,0.0,0.0,0.0,0.0
16236.8436,49151.02,42688.12,0.0,42.25,0.0,1254.92,56.5,232.020,16.3000,0.0,0.0,0.0,0.0,0.0,0.0,15.0,44.8500,26.51,13.6,13.76,0.0,0.0,0.0,0.0,0.0,0.0,0.0,0.0,0.0,0.0,0.0,0.0,0.0,0.0,0.0,0.0,0.0,0.0,0.0,33.0400,0.0,0.0,0.0,0.0,0.0,0.0,0.0,0.0,0.0,0.0,0.0,0.0,0.0,0.0,0.0,0.0,0.0,0.0,0.0,0.0,0.0,0.0,18.4,0.0,0.0,0.0,0.0,0.0,0.0,0.0,0.0
16249.626,49156.02,42688.12,194.490,73.6400,0.0,922.25,234.080,517.990,26.0800,125.43,0.0,0.0,0.0,0.0,0.0,56.4000,0.0,51.2600,13.7,0.0,0.0,0.0,0.0,0.0,33.32,32.9500,0.0,0.0,0.0,0.0,0.0,0.0,0.0,0.0,0.0,15.6,0.0,0.0,0.0,0.0,0.0,0.0,0.0,0.0,0.0,0.0,0.0,0.0,0.0,18.9,0.0,0.0,0.0,0.0,0.0,0.0,0.0,0.0,0.0,0.0,0.0,0.0,29.4400,68.2000,0.0,0.0,0.0,0.0,0.0,0.0,0.0
16262.4084,49161.02,42688.12,177.220,0.0,0.0,1327.48,115.25,942.760,126.730,0.0,0.0,0.0,0.0,0.0,0.0,120.740,0.0,81.9600,0.0,0.0,0.0,0.0,0.0,0.0,0.0,0.0,14.1,0.0,0.0,31.4600,0.0,0.0,0.0,32.2400,8.8,0.0,0.0,0.0,30.1,35.8800,0.0,0.0,0.0,0.0,0.0,0.0,0.0,0.0,0.0,0.0,0.0,0.0,0.0,0.0,0.0,0.0,0.0,0.0,0.0,0.0,0.0,0.0,0.0,0.0,0.0,0.0,0.0,0.0,0.0,0.0,0.0
16274.1256,49166.02,42688.12,254.620,33.6000,0.0,1171.89,284.300,876.050,0.0,14.95,0.0,0.0,0.0,0.0,36.4500,7.12,0.0,66.3500,75.4000,0.0,0.0,0.0,0.0,0.0,0.0,0.0,0.0,13.45,0.0,0.0,0.0,0.0,0.0,0.0,98.6000,47.5500,0.0,0.0,0.0,0.0,0.0,0.0,0.0,0.0,0.0,13.4,0.0,0.0,0.0,0.0,0.0,0.0,0.0,0.0,0.0,0.0,0.0,0.0,0.0,0.0,0.0,0.0,0.0,0.0,0.0,0.0,0.0,0.0,0.0,0.0,0.0
16286.908,49171.02,42688.12,321.340,24.8000,0.0,557.900,296.810,635.160,114.07,0.0,0.0,0.0,0.0,0.0,0.0,49.84,0.0,0.0,57.1200,0.0,27.84,0.0,0.0,0.0,0.0,0.0,0.0,0.0,0.0,0.0,0.0,0.0,0.0,0.0,0.0,9.8,0.0,0.0,63.9000,0.0,0.0,0.0,0.0,0.0,0.0,0.0,0.0,0.0,0.0,0.0,0.0,0.0,0.0,0.0,0.0,0.0,0.0,0.0,0.0,0.0,0.0,0.0,0.0,0.0,0.0,0.0,0.0,0.0,0.0,0.0,0.0
16299.6904,49176.02,42688.12,405.830,384.120,0.0,33262.3,1954.04,1585.75,103.960,0.0,0.0,0.0,0.0,0.0,0.0,56.4500,50.82,72.7000,16.7200,0.0,55.9000,55.6100,0.0,0.0,11.75,0.0,0.0,0.0,0.0,0.0,0.0,0.0,0.0,0.0,0.0,0.0,0.0,0.0,11.48,27.75,0.0,0.0,0.0,0.0,0.0,0.0,0.0,0.0,0.0,0.0,0.0,0.0,0.0,0.0,0.0,0.0,0.0,0.0,0.0,0.0,0.0,0.0,0.0,0.0,0.0,0.0,0.0,0.0,0.0,0.0,0.0
16311.4076,49181.02,42688.12,147.600,95.75,23.4500,30313.0,1823.85,1207.35,14.35,0.0,0.0,0.0,0.0,30.2000,0.0,258.25,0.0,36.9500,64.7000,0.0,0.0,49.6000,0.0,0.0,0.0,0.0,0.0,0.0,0.0,0.0,0.0,0.0,0.0,0.0,0.0,0.0,0.0,0.0,0.0,22.2000,0.0,0.0,0.0,0.0,0.0,0.0,0.0,0.0,0.0,0.0,0.0,0.0,0.0,0.0,0.0,0.0,0.0,0.0,0.0,0.0,0.0,0.0,0.0,0.0,0.0,0.0,0.0,0.0,0.0,0.0,0.0
16324.19,49186.02,42688.12,231.050,88.68,0.0,1017.26,76.8400,586.710,0.0,47.18,0.0,0.0,0.0,0.0,0.0,0.0,24.9600,0.0,18.9600,0.0,32.5600,0.0,0.0,0.0,30.0400,0.0,0.0,13.95,0.0,0.0,0.0,0.0,0.0,0.0,41.5800,29.82,0.0,0.0,0.0,0.0,0.0,55.16,0.0,0.0,0.0,0.0,0.0,0.0,0.0,0.0,0.0,0.0,0.0,0.0,0.0,0.0,0.0,0.0,0.0,0.0,0.0,0.0,0.0,0.0,0.0,0.0,0.0,0.0,0.0,0.0,0.0
16336.9724,49191.02,42688.12,201.030,25.16,0.0,932.460,527.650,787.850,91.6000,0.0,0.0,0.0,0.0,0.0,0.0,115.200,31.0500,53.9400,0.0,11.08,0.0,0.0,0.0,0.0,54.5,0.0,0.0,113.700,0.0,0.0,0.0,0.0,0.0,0.0,0.0,0.0,0.0,0.0,30.9500,0.0,0.0,0.0,0.0,0.0,0.0,0.0,0.0,0.0,0.0,10.08,0.0,0.0,0.0,0.0,0.0,0.0,0.0,0.0,0.0,0.0,0.0,0.0,0.0,0.0,0.0,0.0,0.0,0.0,0.0,0.0,0.0
16349.7548,49196.02,42688.12,224.800,31.5500,0.0,1231.10,365.920,431.570,119.25,0.0,0.0,0.0,0.0,0.0,0.0,58.8900,0.0,70.5200,20.24,0.0,0.0,0.0,0.0,0.0,80.5500,0.0,0.0,33.6000,0.0,0.0,46.7600,0.0,0.0,0.0,0.0,0.0,0.0,0.0,28.9600,0.0,0.0,126.490,0.0,0.0,0.0,0.0,0.0,0.0,0.0,0.0,0.0,0.0,0.0,0.0,0.0,0.0,0.0,0.0,0.0,0.0,0.0,0.0,0.0,0.0,0.0,0.0,0.0,0.0,0.0,0.0,0.0
16361.472,49201.02,42688.12,361.410,30.4,0.0,837.100,109.660,472.300,65.7600,0.0,0.0,0.0,0.0,0.0,0.0,23.85,35.4000,53.0,60.3000,0.0,0.0,0.0,0.0,0.0,99.5800,0.0,0.0,0.0,0.0,0.0,0.0,0.0,0.0,0.0,34.16,12.4400,0.0,0.0,37.75,0.0,0.0,18.9,0.0,0.0,0.0,18.4500,0.0,0.0,0.0,0.0,0.0,0.0,0.0,0.0,0.0,0.0,0.0,0.0,0.0,0.0,0.0,0.0,0.0,0.0,0.0,0.0,0.0,0.0,0.0,0.0,0.0
16374.2544,49206.02,42688.12,104.580,0.0,0.0,794.5,227.610,693.570,0.0,0.0,0.0,0.0,0.0,0.0,0.0,57.4000,0.0,44.25,101.130,0.0,0.0,27.3000,0.0,0.0,13.05,0.0,0.0,18.65,0.0,0.0,0.0,0.0,0.0,0.0,23.9500,91.2000,0.0,0.0,87.8500,16.1200,62.7000,0.0,0.0,0.0,0.0,36.9000,0.0,0.0,0.0,0.0,0.0,0.0,0.0,0.0,0.0,0.0,0.0,0.0,0.0,0.0,0.0,0.0,0.0,0.0,0.0,0.0,0.0,0.0,0.0,0.0,0.0
16387.0368,49211.02,42688.12,326.080,314.090,0.0,1567.63,100.600,718.870,136.100,0.0,0.0,0.0,0.0,0.0,0.0,0.0,0.0,256.270,126.800,10.95,0.0,0.0,0.0,0.0,0.0,0.0,0.0,0.0,0.0,0.0,0.0,0.0,0.0,0.0,180.700,0.0,0.0,0.0,0.0,40.3000,0.0,0.0,0.0,0.0,0.0,0.0,0.0,0.0,0.0,0.0,0.0,24.25,0.0,0.0,0.0,0.0,0.0,0.0,0.0,0.0,0.0,0.0,0.0,0.0,0.0,0.0,0.0,0.0,0.0,0.0,0.0
16399.8192,49216.02,42688.12,242.600,56.4000,0.0,1048.64,51.4400,461.25,0.0,0.0,0.0,0.0,0.0,0.0,0.0,0.0,0.0,186.560,0.0,0.0,0.0,21.3000,0.0,0.0,58.9500,0.0,14.08,29.6,0.0,0.0,0.0,0.0,0.0,0.0,0.0,0.0,0.0,0.0,0.0,0.0,23.5,0.0,0.0,0.0,0.0,0.0,0.0,0.0,0.0,0.0,0.0,0.0,0.0,0.0,0.0,0.0,0.0,0.0,0.0,0.0,0.0,0.0,0.0,0.0,0.0,0.0,0.0,0.0,0.0,0.0,0.0
16411.5364,49221.02,42688.12,435.910,107.720,0.0,1131.12,236.650,610.970,59.91,0.0,0.0,0.0,0.0,0.0,0.0,57.0,0.0,101.18,93.2900,0.0,17.16,0.0,0.0,0.0,0.0,0.0,0.0,39.3900,0.0,0.0,0.0,0.0,0.0,0.0,38.9600,0.0,0.0,0.0,143.650,0.0,0.0,18.48,0.0,0.0,0.0,0.0,0.0,0.0,0.0,0.0,0.0,0.0,0.0,0.0,0.0,0.0,0.0,0.0,0.0,0.0,0.0,0.0,0.0,9.36,0.0,0.0,0.0,0.0,0.0,18.32,0.0
16424.3188,49226.02,42688.12,569.310,142.800,0.0,863.880,193.700,258.450,47.7100,71.6300,0.0,0.0,0.0,0.0,0.0,16.85,0.0,155.440,0.0,0.0,42.9000,0.0,0.0,0.0,115.350,0.0,0.0,0.0,0.0,0.0,0.0,0.0,0.0,0.0,0.0,60.8600,0.0,0.0,12.95,0.0,0.0,0.0,0.0,0.0,0.0,0.0,0.0,0.0,0.0,0.0,0.0,0.0,0.0,0.0,0.0,0.0,0.0,0.0,0.0,0.0,0.0,0.0,0.0,0.0,0.0,0.0,0.0,0.0,0.0,0.0,0.0
16437.1012,49231.02,42688.12,108.740,0.0,0.0,869.810,75.25,368.060,0.0,58.6500,0.0,0.0,0.0,0.0,0.0,53.7000,0.0,307.090,0.0,0.0,0.0,0.0,0.0,0.0,54.0800,0.0,0.0,0.0,0.0,0.0,0.0,0.0,0.0,0.0,0.0,85.57,0.0,0.0,0.0,0.0,0.0,18.15,0.0,0.0,0.0,0.0,0.0,0.0,0.0,0.0,0.0,0.0,0.0,0.0,0.0,0.0,154.240,0.0,0.0,0.0,0.0,0.0,0.0,0.0,0.0,30.65,0.0,0.0,0.0,0.0,0.0
16449.8836,49236.02,42688.12,237.680,0.0,0.0,995.370,493.300,227.670,29.92,16.5,0.0,0.0,0.0,0.0,0.0,47.6400,0.0,14.0,12.45,0.0,0.0,0.0,0.0,0.0,21.16,0.0,0.0,0.0,0.0,0.0,0.0,0.0,0.0,0.0,11.24,0.0,0.0,0.0,54.32,0.0,0.0,0.0,0.0,0.0,0.0,0.0,0.0,0.0,15.24,0.0,0.0,0.0,0.0,0.0,0.0,0.0,0.0,0.0,0.0,0.0,0.0,0.0,0.0,0.0,0.0,0.0,0.0,0.0,0.0,0.0,0.0
16461.6008,49241.02,42688.12,489.710,0.0,0.0,2387.15,152.170,826.170,0.0,40.3500,0.0,0.0,0.0,0.0,0.0,108.32,23.0,147.510,74.2400,0.0,0.0,0.0,0.0,0.0,40.4600,0.0,12.0,64.2200,0.0,0.0,0.0,0.0,0.0,0.0,0.0,25.0,0.0,0.0,0.0,0.0,0.0,0.0,0.0,0.0,0.0,0.0,0.0,0.0,0.0,0.0,0.0,0.0,0.0,0.0,0.0,0.0,0.0,0.0,0.0,0.0,0.0,11.75,0.0,0.0,0.0,0.0,0.0,0.0,0.0,0.0,0.0
16474.3832,49246.02,42688.12,506.5,20.75,0.0,2337.71,91.5800,432.770,37.8900,0.0,0.0,0.0,80.25,0.0,0.0,80.3000,0.0,113.960,41.48,0.0,0.0,0.0,0.0,0.0,0.0,0.0,0.0,0.0,0.0,0.0,0.0,0.0,0.0,0.0,0.0,0.0,0.0,0.0,45.6000,0.0,0.0,0.0,0.0,0.0,0.0,0.0,0.0,0.0,0.0,0.0,0.0,0.0,0.0,0.0,0.0,0.0,0.0,0.0,0.0,0.0,0.0,0.0,0.0,0.0,0.0,0.0,0.0,0.0,0.0,0.0,0.0
16487.1656,49251.02,42688.12,552.100,117.650,0.0,2309.25,214.050,329.150,43.9500,25.75,0.0,0.0,0.0,0.0,0.0,124.900,0.0,171.550,0.0,0.0,0.0,0.0,0.0,0.0,22.3000,0.0,0.0,24.9500,0.0,0.0,0.0,0.0,0.0,0.0,0.0,0.0,0.0,0.0,0.0,0.0,10.0,46.5,0.0,0.0,0.0,0.0,0.0,0.0,0.0,0.0,0.0,0.0,0.0,0.0,0.0,0.0,0.0,0.0,0.0,0.0,0.0,0.0,0.0,0.0,16.35,0.0,0.0,82.8000,0.0,0.0,0.0
16499.948,49256.02,42688.12,110.32,0.0,0.0,3002.23,208.530,959.430,16.9,60.0600,0.0,0.0,0.0,0.0,0.0,76.9800,0.0,102.220,16.5500,47.4000,0.0,0.0,0.0,0.0,10.6,0.0,0.0,0.0,0.0,0.0,0.0,0.0,0.0,0.0,0.0,0.0,0.0,0.0,39.0100,0.0,0.0,0.0,0.0,0.0,0.0,0.0,0.0,0.0,0.0,0.0,0.0,0.0,0.0,0.0,0.0,0.0,0.0,0.0,0.0,0.0,0.0,0.0,0.0,0.0,0.0,0.0,0.0,0.0,0.0,0.0,0.0
16511.6652,49261.02,42688.12,210.520,86.0600,0.0,762.060,363.930,363.480,121.950,0.0,0.0,0.0,0.0,0.0,0.0,44.1500,0.0,26.0800,99.9200,0.0,0.0,0.0,0.0,0.0,106.740,0.0,0.0,0.0,0.0,0.0,0.0,0.0,0.0,0.0,0.0,0.0,0.0,0.0,0.0,49.8000,0.0,57.9600,0.0,0.0,0.0,0.0,0.0,0.0,0.0,0.0,0.0,0.0,0.0,0.0,0.0,0.0,0.0,0.0,0.0,0.0,0.0,0.0,0.0,14.8,0.0,0.0,0.0,0.0,0.0,0.0,0.0
16524.4476,49266.02,42688.12,292.550,0.0,0.0,1721.38,47.4000,554.390,123.540,25.5600,0.0,0.0,0.0,0.0,0.0,0.0,0.0,81.0,15.75,0.0,0.0,0.0,0.0,0.0,27.9,0.0,0.0,0.0,0.0,0.0,0.0,0.0,0.0,0.0,0.0,0.0,0.0,0.0,0.0,0.0,0.0,0.0,0.0,0.0,0.0,0.0,0.0,0.0,0.0,0.0,0.0,0.0,0.0,0.0,0.0,0.0,0.0,0.0,0.0,0.0,0.0,0.0,0.0,0.0,0.0,0.0,0.0,0.0,0.0,0.0,0.0
16537.23,49271.02,42688.12,326.080,0.0,0.0,845.450,254.350,763.030,0.0,0.0,0.0,0.0,0.0,0.0,0.0,86.2400,0.0,53.1000,39.0500,0.0,0.0,0.0,0.0,0.0,112.580,0.0,0.0,87.5,0.0,0.0,0.0,0.0,0.0,0.0,0.0,0.0,0.0,0.0,0.0,0.0,0.0,24.4400,0.0,0.0,0.0,0.0,0.0,0.0,21.85,124.600,0.0,0.0,0.0,0.0,0.0,0.0,0.0,0.0,0.0,0.0,0.0,0.0,0.0,0.0,0.0,0.0,0.0,40.6500,0.0,0.0,0.0
16550.0124,49276.02,42688.12,402.150,28.2000,0.0,1134.32,477.470,278.540,9.72000,0.0,0.0,0.0,0.0,0.0,0.0,93.0300,0.0,181.650,27.6900,0.0,57.82,0.0,0.0,0.0,8.4,0.0,0.0,0.0,0.0,0.0,0.0,0.0,0.0,11.16,0.0,0.0,0.0,0.0,0.0,0.0,0.0,0.0,0.0,0.0,0.0,0.0,0.0,0.0,0.0,0.0,0.0,0.0,0.0,0.0,0.0,0.0,44.59,0.0,0.0,0.0,0.0,0.0,0.0,0.0,0.0,0.0,0.0,0.0,0.0,0.0,0.0
16561.7296,49281.02,42688.12,167.460,97.1600,0.0,1300.18,281.010,601.870,63.9000,0.0,0.0,0.0,0.0,0.0,0.0,78.0,0.0,125.100,64.25,0.0,0.0,0.0,0.0,0.0,19.4400,33.0,0.0,61.8400,0.0,0.0,0.0,0.0,0.0,0.0,27.16,0.0,0.0,0.0,38.48,0.0,0.0,0.0,0.0,0.0,0.0,0.0,0.0,0.0,0.0,0.0,0.0,0.0,0.0,0.0,0.0,0.0,0.0,0.0,0.0,0.0,0.0,0.0,0.0,0.0,0.0,0.0,0.0,0.0,0.0,0.0,0.0
16574.512,49286.02,42688.12,864.860,125.850,96.75,1836.42,355.920,579.970,67.8000,17.6,0.0,0.0,0.0,0.0,0.0,89.32,0.0,123.260,0.0,0.0,0.0,0.0,0.0,0.0,0.0,0.0,0.0,0.0,0.0,0.0,0.0,0.0,0.0,0.0,0.0,0.0,0.0,0.0,28.5500,0.0,14.2,0.0,0.0,0.0,0.0,0.0,0.0,0.0,0.0,0.0,0.0,0.0,0.0,0.0,0.0,0.0,0.0,16.75,0.0,0.0,9.4,0.0,0.0,0.0,0.0,61.7400,0.0,0.0,0.0,0.0,0.0
16587.2944,49291.02,42688.12,422.240,0.0,0.0,542.380,199.160,155.330,61.8000,76.1500,0.0,0.0,181.940,0.0,0.0,184.340,0.0,131.450,98.8400,0.0,22.9600,119.990,0.0,0.0,0.0,0.0,0.0,31.7800,0.0,0.0,0.0,0.0,0.0,0.0,20.8000,42.75,0.0,0.0,0.0,0.0,0.0,76.0500,0.0,0.0,0.0,0.0,0.0,0.0,0.0,0.0,0.0,0.0,0.0,0.0,0.0,11.8,0.0,35.48,0.0,0.0,0.0,0.0,0.0,0.0,0.0,0.0,0.0,0.0,0.0,70.3500,34.16
16599.0116,49296.02,42688.12,271.450,0.0,0.0,738.350,228.460,650.080,175.760,46.2800,0.0,0.0,0.0,0.0,0.0,101.900,0.0,243.260,132.720,0.0,0.0,0.0,0.0,0.0,0.0,0.0,0.0,10.65,0.0,0.0,0.0,0.0,0.0,0.0,0.0,0.0,0.0,0.0,0.0,0.0,0.0,0.0,0.0,0.0,0.0,0.0,0.0,0.0,0.0,0.0,0.0,0.0,0.0,0.0,0.0,0.0,0.0,0.0,0.0,0.0,0.0,0.0,0.0,0.0,0.0,0.0,0.0,0.0,10.4,0.0,0.0
16611.794,49301.02,42688.12,302.820,0.0,0.0,1594.85,140.870,865.180,11.6,0.0,0.0,0.0,0.0,0.0,0.0,279.560,0.0,58.7900,44.3600,0.0,0.0,0.0,0.0,0.0,64.5400,0.0,0.0,0.0,0.0,0.0,0.0,0.0,0.0,0.0,0.0,0.0,0.0,0.0,0.0,0.0,0.0,0.0,0.0,0.0,0.0,0.0,0.0,0.0,0.0,0.0,0.0,0.0,0.0,0.0,0.0,0.0,0.0,0.0,0.0,0.0,0.0,0.0,0.0,0.0,9.16,0.0,0.0,0.0,0.0,0.0,0.0
16624.5764,49306.02,42688.12,67.4500,0.0,0.0,1854.66,172.360,229.050,21.5600,14.56,0.0,0.0,0.0,0.0,0.0,51.7000,0.0,208.200,65.4000,0.0,0.0,0.0,0.0,0.0,0.0,0.0,44.4600,0.0,0.0,0.0,0.0,0.0,0.0,0.0,45.2400,19.1200,0.0,0.0,0.0,9.08,0.0,0.0,0.0,0.0,0.0,0.0,0.0,0.0,0.0,0.0,16.0500,0.0,0.0,0.0,0.0,0.0,0.0,0.0,0.0,0.0,0.0,0.0,0.0,0.0,30.68,24.4,0.0,0.0,0.0,0.0,0.0
16637.3588,49311.02,42688.12,217.620,0.0,0.0,3168.13,301.210,382.170,46.48,66.5100,0.0,0.0,0.0,0.0,0.0,173.910,0.0,17.3000,0.0,0.0,48.16,0.0,0.0,0.0,31.0,0.0,0.0,27.8600,0.0,0.0,0.0,0.0,0.0,0.0,0.0,0.0,0.0,0.0,0.0,43.5,0.0,0.0,0.0,0.0,0.0,0.0,0.0,0.0,0.0,0.0,0.0,0.0,0.0,0.0,0.0,0.0,0.0,0.0,0.0,0.0,0.0,0.0,0.0,0.0,0.0,0.0,0.0,0.0,22.35,0.0,0.0
16649.076,49316.02,42688.12,324.570,0.0,0.0,975.720,293.910,656.290,99.75,17.0500,0.0,0.0,0.0,0.0,36.27,46.9000,0.0,154.380,12.4400,0.0,0.0,0.0,0.0,0.0,0.0,0.0,0.0,12.36,0.0,0.0,0.0,0.0,0.0,40.3000,0.0,0.0,0.0,0.0,12.95,0.0,0.0,0.0,0.0,0.0,0.0,0.0,0.0,0.0,0.0,0.0,0.0,0.0,0.0,0.0,0.0,0.0,0.0,0.0,0.0,0.0,0.0,0.0,0.0,0.0,0.0,0.0,0.0,0.0,44.7000,0.0,0.0
16661.8584,49321.02,42688.12,165.720,0.0,0.0,414.460,43.4600,478.920,21.9600,28.73,0.0,0.0,0.0,0.0,0.0,44.07,0.0,91.8500,31.1,0.0,0.0,0.0,0.0,0.0,51.4500,0.0,132.990,0.0,0.0,0.0,0.0,66.4500,0.0,0.0,0.0,0.0,0.0,0.0,15.6400,0.0,0.0,0.0,0.0,0.0,0.0,0.0,16.2000,0.0,0.0,0.0,0.0,0.0,0.0,0.0,0.0,0.0,0.0,0.0,0.0,0.0,0.0,0.0,0.0,0.0,0.0,0.0,0.0,0.0,83.1600,0.0,0.0
16674.6408,49326.02,42688.12,288.580,19.9600,0.0,1219.39,103.400,1189.23,66.43,0.0,0.0,0.0,0.0,0.0,0.0,126.170,25.5500,34.4500,0.0,0.0,0.0,0.0,0.0,0.0,0.0,0.0,27.85,14.4,0.0,0.0,0.0,0.0,0.0,0.0,0.0,0.0,0.0,0.0,0.0,0.0,11.3,0.0,0.0,0.0,0.0,0.0,0.0,0.0,0.0,0.0,0.0,0.0,0.0,0.0,0.0,0.0,0.0,0.0,0.0,0.0,0.0,0.0,0.0,0.0,0.0,0.0,0.0,0.0,0.0,0.0,0.0
16687.4232,49331.02,42688.12,170.210,109.370,0.0,1465.32,338.450,425.940,20.25,0.0,0.0,0.0,0.0,0.0,0.0,13.9,0.0,97.9200,0.0,0.0,0.0,0.0,0.0,0.0,23.08,0.0,0.0,92.6600,0.0,0.0,0.0,0.0,0.0,0.0,0.0,0.0,0.0,0.0,25.3000,60.48,10.64,0.0,0.0,0.0,0.0,0.0,0.0,0.0,0.0,0.0,0.0,0.0,0.0,0.0,0.0,0.0,0.0,0.0,20.6,0.0,0.0,0.0,0.0,0.0,43.6500,18.65,0.0,0.0,0.0,0.0,0.0
16699.1404,49336.02,42688.12,320.490,12.65,0.0,1634.77,62.77,1258.32,38.4000,47.6500,0.0,13.88,0.0,0.0,0.0,47.1000,0.0,149.290,93.8600,0.0,0.0,0.0,0.0,0.0,20.85,0.0,9.48,33.41,0.0,0.0,0.0,0.0,0.0,0.0,0.0,0.0,0.0,0.0,14.55,0.0,14.8,0.0,0.0,0.0,0.0,0.0,0.0,0.0,0.0,0.0,0.0,0.0,0.0,0.0,0.0,0.0,0.0,0.0,41.2000,0.0,9.92,0.0,0.0,0.0,0.0,0.0,0.0,0.0,0.0,0.0,0.0
16711.9228,49341.02,42688.12,576.040,33.2800,0.0,1889.57,161.630,1121.71,15.85,0.0,0.0,0.0,0.0,0.0,0.0,57.48,0.0,138.130,50.0500,0.0,0.0,0.0,0.0,0.0,13.9600,0.0,20.9500,0.0,0.0,0.0,0.0,0.0,0.0,0.0,0.0,15.85,0.0,0.0,0.0,0.0,0.0,14.0,0.0,0.0,0.0,0.0,0.0,0.0,0.0,0.0,0.0,0.0,0.0,0.0,0.0,0.0,0.0,0.0,0.0,0.0,24.8000,0.0,0.0,0.0,0.0,0.0,0.0,0.0,0.0,0.0,0.0
16724.7052,49346.02,42688.12,76.07,76.75,0.0,1973.48,214.950,430.080,13.4,16.4,0.0,0.0,53.8500,0.0,0.0,15.2,0.0,8.35,51.7200,0.0,0.0,0.0,0.0,0.0,77.4400,0.0,0.0,0.0,0.0,0.0,0.0,0.0,0.0,0.0,17.16,25.8800,0.0,0.0,23.2000,0.0,0.0,0.0,0.0,0.0,0.0,0.0,0.0,0.0,0.0,0.0,0.0,0.0,0.0,0.0,0.0,0.0,0.0,0.0,0.0,0.0,0.0,0.0,72.6000,0.0,24.0,0.0,0.0,0.0,0.0,0.0,0.0
16737.4876,49351.02,42688.12,617.070,0.0,0.0,1873.95,164.970,402.430,60.5800,12.35,0.0,0.0,0.0,0.0,0.0,77.43,0.0,70.4000,31.0500,0.0,0.0,0.0,0.0,0.0,39.48,0.0,0.0,0.0,0.0,0.0,0.0,0.0,0.0,0.0,0.0,0.0,0.0,0.0,0.0,0.0,0.0,0.0,0.0,0.0,0.0,0.0,0.0,0.0,24.4,0.0,0.0,0.0,0.0,0.0,0.0,0.0,0.0,0.0,0.0,0.0,0.0,0.0,0.0,0.0,0.0,0.0,0.0,0.0,0.0,0.0,0.0
16749.2048,49356.02,42688.12,303.560,13.6,0.0,1142.71,291.070,1024.91,0.0,26.24,0.0,0.0,24.84,0.0,0.0,93.7000,0.0,133.770,107.100,0.0,0.0,0.0,0.0,0.0,13.9,0.0,33.4000,180.740,0.0,15.2,0.0,0.0,0.0,0.0,0.0,17.5600,0.0,0.0,36.4500,0.0,0.0,0.0,0.0,0.0,0.0,0.0,0.0,0.0,0.0,16.0400,0.0,0.0,0.0,0.0,0.0,0.0,0.0,0.0,0.0,0.0,0.0,0.0,0.0,0.0,30.4500,0.0,0.0,0.0,0.0,0.0,55.16
16761.9872,49361.02,42688.12,377.980,95.9500,0.0,1043.42,596.800,666.490,55.4600,30.2100,0.0,0.0,60.2000,0.0,0.0,63.6500,0.0,102.450,36.8500,0.0,0.0,0.0,0.0,0.0,0.0,0.0,128.800,14.45,0.0,0.0,0.0,0.0,0.0,0.0,0.0,0.0,0.0,0.0,0.0,0.0,32.52,0.0,0.0,0.0,0.0,0.0,0.0,0.0,0.0,40.1000,0.0,26.4500,0.0,0.0,0.0,0.0,0.0,0.0,0.0,0.0,0.0,0.0,0.0,0.0,0.0,0.0,0.0,0.0,0.0,0.0,0.0
16774.7696,49366.02,42688.12,120.68,0.0,0.0,906.600,537.350,288.350,120.5,0.0,0.0,73.0500,0.0,0.0,0.0,38.0800,0.0,8.2,6.8,0.0,0.0,0.0,0.0,0.0,46.7000,0.0,0.0,0.0,0.0,0.0,0.0,0.0,0.0,0.0,0.0,0.0,0.0,0.0,50.5400,0.0,28.16,0.0,0.0,0.0,0.0,0.0,0.0,0.0,0.0,0.0,0.0,0.0,0.0,0.0,0.0,0.0,0.0,0.0,0.0,0.0,0.0,0.0,0.0,0.0,0.0,0.0,0.0,0.0,0.0,0.0,0.0
16787.552,49371.02,42688.12,124.640,68.5500,0.0,1006.96,49.23,640.100,33.6000,0.0,0.0,0.0,0.0,0.0,0.0,57.2400,0.0,100.920,58.1500,0.0,0.0,0.0,0.0,0.0,29.4500,0.0,0.0,0.0,0.0,0.0,0.0,0.0,0.0,0.0,53.5500,23.7000,0.0,0.0,9.28000,0.0,19.35,0.0,0.0,0.0,0.0,0.0,0.0,0.0,0.0,0.0,0.0,0.0,0.0,0.0,0.0,0.0,0.0,0.0,0.0,0.0,0.0,0.0,0.0,0.0,0.0,0.0,0.0,0.0,0.0,0.0,0.0
16799.2692,49376.02,42688.12,417.980,42.8900,0.0,1549.42,310.070,184.260,0.0,0.0,0.0,0.0,33.52,0.0,0.0,25.6100,97.9700,52.0400,242.160,0.0,0.0,0.0,0.0,0.0,68.7000,0.0,37.8300,0.0,0.0,0.0,0.0,0.0,0.0,0.0,17.4400,10.52,0.0,0.0,0.0,0.0,0.0,0.0,0.0,0.0,0.0,0.0,0.0,0.0,0.0,0.0,0.0,0.0,0.0,0.0,0.0,0.0,0.0,0.0,0.0,0.0,0.0,0.0,0.0,0.0,0.0,0.0,0.0,0.0,0.0,0.0,0.0
16812.0516,49381.02,42688.12,179.400,103.350,0.0,2547.30,338.310,449.070,0.0,0.0,0.0,0.0,13.45,0.0,0.0,11.75,105.650,124.450,0.0,19.4500,0.0,0.0,0.0,0.0,131.700,0.0,0.0,0.0,0.0,0.0,0.0,16.0400,0.0,0.0,32.1000,26.3000,0.0,0.0,0.0,0.0,0.0,0.0,0.0,0.0,0.0,0.0,0.0,0.0,0.0,0.0,0.0,0.0,0.0,0.0,0.0,0.0,0.0,0.0,0.0,0.0,15.52,16.75,0.0,0.0,18.2800,34.0500,0.0,0.0,0.0,0.0,0.0
16824.834,49386.02,42688.12,209.680,21.2000,0.0,838.550,213.480,259.710,0.0,0.0,0.0,0.0,0.0,0.0,0.0,0.0,30.9600,77.9200,0.0,0.0,0.0,0.0,0.0,0.0,10.5,0.0,0.0,0.0,0.0,0.0,0.0,0.0,0.0,0.0,17.76,0.0,52.75,0.0,18.5,0.0,0.0,0.0,0.0,0.0,0.0,0.0,0.0,0.0,0.0,0.0,0.0,0.0,0.0,0.0,0.0,0.0,0.0,0.0,0.0,0.0,0.0,0.0,0.0,0.0,37.0400,0.0,0.0,0.0,0.0,0.0,0.0
16836.5512,49391.02,42688.12,466.040,15.15,0.0,1351.98,287.440,403.680,0.0,0.0,0.0,0.0,0.0,0.0,0.0,60.0,0.0,143.330,0.0,0.0,0.0,0.0,0.0,0.0,123.25,0.0,0.0,24.5600,0.0,0.0,0.0,0.0,0.0,0.0,0.0,0.0,105.5,0.0,0.0,0.0,0.0,0.0,0.0,0.0,0.0,0.0,0.0,0.0,0.0,0.0,0.0,0.0,0.0,0.0,15.0,0.0,0.0,0.0,0.0,0.0,0.0,0.0,0.0,0.0,0.0,0.0,0.0,0.0,0.0,0.0,0.0
16849.3336,49396.02,42688.12,183.800,0.0,0.0,1559.15,169.530,705.800,105.460,0.0,0.0,0.0,0.0,0.0,0.0,193.480,0.0,129.790,112.330,0.0,0.0,0.0,0.0,0.0,0.0,0.0,0.0,0.0,0.0,0.0,0.0,0.0,0.0,0.0,36.3000,69.4400,0.0,0.0,0.0,0.0,0.0,16.4400,0.0,0.0,0.0,0.0,0.0,82.0500,0.0,0.0,0.0,0.0,0.0,0.0,0.0,0.0,0.0,0.0,0.0,0.0,0.0,0.0,0.0,0.0,0.0,0.0,0.0,0.0,0.0,0.0,0.0
16862.116,49401.02,42688.12,503.310,18.8000,0.0,1699.21,435.380,415.980,55.8000,0.0,0.0,0.0,0.0,0.0,0.0,62.8500,0.0,117.230,0.0,0.0,61.6200,0.0,0.0,0.0,0.0,0.0,0.0,0.0,0.0,0.0,0.0,0.0,0.0,0.0,0.0,0.0,0.0,0.0,19.0500,0.0,0.0,41.1000,0.0,0.0,0.0,0.0,0.0,0.0,0.0,0.0,0.0,0.0,0.0,0.0,0.0,0.0,0.0,0.0,0.0,0.0,0.0,0.0,0.0,0.0,0.0,0.0,0.0,0.0,0.0,0.0,0.0
16874.8984,49406.02,42688.12,348.810,19.1,0.0,1411.54,394.130,541.020,31.4,0.0,0.0,0.0,0.0,0.0,0.0,89.6000,18.16,143.190,65.0,0.0,0.0,0.0,0.0,0.0,99.3500,0.0,0.0,38.2200,0.0,0.0,0.0,0.0,0.0,0.0,0.0,0.0,0.0,37.3500,0.0,0.0,0.0,0.0,0.0,0.0,0.0,0.0,0.0,0.0,0.0,0.0,0.0,0.0,0.0,0.0,0.0,0.0,0.0,0.0,0.0,0.0,0.0,0.0,0.0,0.0,0.0,0.0,0.0,0.0,0.0,0.0,0.0
16886.6156,49411.02,42688.12,779.930,57.0,0.0,2230.06,744.860,584.290,152.740,0.0,0.0,0.0,0.0,36.3000,0.0,12.4,0.0,41.9000,146.310,44.5500,0.0,0.0,0.0,0.0,18.9,0.0,0.0,0.0,0.0,0.0,0.0,0.0,0.0,0.0,0.0,11.95,0.0,0.0,0.0,0.0,0.0,93.7300,0.0,0.0,0.0,0.0,0.0,0.0,0.0,0.0,0.0,0.0,0.0,0.0,0.0,0.0,0.0,0.0,0.0,0.0,0.0,0.0,0.0,0.0,0.0,0.0,0.0,0.0,0.0,0.0,0.0
16899.398,49416.02,42688.12,93.1100,0.0,0.0,1209.78,159.390,810.160,29.8000,0.0,0.0,0.0,0.0,0.0,0.0,100.100,0.0,51.3800,0.0,0.0,0.0,0.0,0.0,0.0,42.1700,0.0,0.0,0.0,0.0,0.0,0.0,0.0,0.0,0.0,0.0,8.72000,0.0,0.0,0.0,0.0,0.0,0.0,0.0,0.0,0.0,0.0,0.0,0.0,0.0,28.7200,0.0,0.0,0.0,0.0,0.0,0.0,0.0,0.0,12.08,0.0,0.0,0.0,0.0,0.0,0.0,0.0,0.0,0.0,0.0,0.0,0.0
16912.1804,49421.02,42688.12,124.210,0.0,0.0,1300.45,295.25,449.850,11.05,0.0,0.0,0.0,0.0,0.0,0.0,80.7600,0.0,227.440,0.0,0.0,0.0,15.24,0.0,0.0,17.35,0.0,28.0,116.440,0.0,0.0,0.0,0.0,0.0,0.0,22.1,67.3400,0.0,0.0,0.0,0.0,0.0,0.0,0.0,0.0,0.0,0.0,0.0,0.0,44.7200,71.8000,0.0,0.0,0.0,0.0,0.0,0.0,0.0,0.0,0.0,0.0,0.0,0.0,0.0,0.0,0.0,0.0,0.0,0.0,0.0,0.0,0.0
16924.9628,49426.02,42688.12,193.240,13.3,0.0,1132.03,322.620,271.170,95.2000,0.0,0.0,0.0,0.0,56.2800,0.0,12.8,0.0,71.4100,45.2800,0.0,0.0,0.0,0.0,27.2000,25.65,0.0,0.0,0.0,0.0,0.0,11.04,0.0,0.0,0.0,48.4600,0.0,0.0,0.0,23.0,0.0,0.0,115.980,0.0,0.0,0.0,0.0,0.0,0.0,0.0,0.0,0.0,0.0,0.0,0.0,0.0,0.0,0.0,0.0,0.0,0.0,0.0,0.0,0.0,0.0,0.0,0.0,0.0,0.0,0.0,0.0,0.0
16936.68,49431.02,42688.12,161.540,152.060,0.0,1511.48,112.050,390.090,107.920,0.0,0.0,0.0,0.0,0.0,0.0,9.4,0.0,0.0,38.43,0.0,0.0,0.0,0.0,54.4000,170.640,0.0,0.0,0.0,14.48,0.0,0.0,0.0,0.0,0.0,0.0,0.0,0.0,0.0,46.0,0.0,0.0,0.0,0.0,0.0,0.0,0.0,0.0,0.0,0.0,0.0,0.0,0.0,0.0,0.0,0.0,0.0,0.0,0.0,0.0,0.0,0.0,0.0,0.0,0.0,23.15,0.0,0.0,0.0,0.0,0.0,0.0
16949.4624,49436.02,42688.12,304.960,25.84,0.0,1888.62,149.390,486.680,99.7700,0.0,0.0,0.0,0.0,0.0,0.0,163.400,0.0,0.0,26.65,0.0,16.6,0.0,0.0,0.0,82.1000,0.0,0.0,0.0,0.0,0.0,0.0,0.0,0.0,0.0,0.0,45.9500,0.0,0.0,43.5500,0.0,25.32,19.25,0.0,0.0,0.0,0.0,0.0,9.84,0.0,25.0,0.0,0.0,0.0,0.0,0.0,0.0,0.0,0.0,0.0,0.0,0.0,0.0,0.0,0.0,0.0,47.9700,0.0,0.0,0.0,0.0,0.0
16962.2448,49441.02,42688.12,97.0400,0.0,0.0,1825.99,268.570,605.730,80.4000,0.0,0.0,0.0,0.0,0.0,0.0,288.460,0.0,149.530,0.0,0.0,0.0,0.0,0.0,0.0,12.0,0.0,12.6,0.0,0.0,0.0,0.0,0.0,0.0,0.0,0.0,10.05,0.0,0.0,12.05,0.0,63.3000,0.0,0.0,0.0,0.0,0.0,0.0,0.0,0.0,0.0,0.0,0.0,0.0,0.0,0.0,0.0,0.0,0.0,0.0,0.0,0.0,0.0,0.0,0.0,0.0,14.7,0.0,0.0,0.0,0.0,26.9500
16975.0272,49446.02,42688.12,804.050,28.6800,0.0,1794.11,376.080,191.010,57.4400,0.0,0.0,0.0,0.0,0.0,0.0,442.540,0.0,49.3500,95.1900,0.0,0.0,0.0,0.0,0.0,121.940,0.0,0.0,0.0,0.0,0.0,0.0,0.0,0.0,0.0,24.0,0.0,0.0,0.0,0.0,10.92,0.0,14.05,0.0,0.0,0.0,0.0,0.0,0.0,0.0,0.0,0.0,0.0,0.0,0.0,0.0,0.0,0.0,0.0,0.0,0.0,0.0,0.0,0.0,0.0,0.0,0.0,0.0,0.0,0.0,0.0,0.0
16986.7444,49451.02,42688.12,231.270,0.0,0.0,1502.88,295.660,384.330,17.76,0.0,0.0,0.0,0.0,0.0,0.0,33.2400,0.0,128.220,0.0,0.0,0.0,0.0,0.0,0.0,33.5,0.0,0.0,56.1000,0.0,0.0,0.0,0.0,0.0,0.0,0.0,45.2200,0.0,0.0,8.76,0.0,0.0,0.0,0.0,0.0,0.0,0.0,0.0,0.0,0.0,0.0,0.0,0.0,0.0,0.0,0.0,0.0,0.0,0.0,0.0,0.0,0.0,0.0,0.0,0.0,0.0,0.0,0.0,0.0,0.0,0.0,0.0
16999.5268,49456.02,42688.12,221.870,27.84,0.0,997.920,261.25,718.960,13.88,0.0,0.0,0.0,20.25,0.0,0.0,192.170,0.0,148.850,0.0,0.0,0.0,0.0,0.0,0.0,54.0500,0.0,104.720,0.0,0.0,0.0,0.0,0.0,0.0,0.0,0.0,20.1200,0.0,0.0,0.0,0.0,0.0,0.0,0.0,0.0,0.0,0.0,0.0,18.85,0.0,0.0,0.0,0.0,0.0,0.0,0.0,0.0,0.0,0.0,0.0,0.0,0.0,0.0,0.0,0.0,0.0,0.0,0.0,0.0,0.0,0.0,0.0
17012.3092,49461.02,42688.12,62.1500,13.76,0.0,1044.06,265.980,409.430,32.2000,0.0,0.0,0.0,0.0,29.1,0.0,0.0,0.0,122.32,16.32,57.7200,0.0,0.0,0.0,0.0,140.840,0.0,0.0,19.6,0.0,0.0,0.0,0.0,0.0,0.0,0.0,0.0,0.0,0.0,37.3000,0.0,0.0,0.0,0.0,0.0,0.0,0.0,0.0,0.0,0.0,0.0,0.0,0.0,0.0,0.0,0.0,0.0,0.0,0.0,24.15,0.0,0.0,0.0,0.0,0.0,0.0,0.0,0.0,0.0,0.0,0.0,0.0
17025.0916,49466.02,42688.12,141.240,37.8300,0.0,1523.12,111.600,552.110,48.41,0.0,0.0,0.0,15.12,0.0,0.0,122.160,12.8400,74.2600,22.4500,0.0,0.0,0.0,0.0,0.0,0.0,0.0,13.45,0.0,0.0,0.0,0.0,0.0,0.0,0.0,0.0,0.0,15.55,0.0,36.6100,0.0,41.25,0.0,0.0,0.0,0.0,0.0,0.0,0.0,0.0,0.0,0.0,0.0,0.0,0.0,0.0,0.0,0.0,0.0,0.0,0.0,0.0,0.0,0.0,0.0,0.0,0.0,0.0,0.0,0.0,0.0,0.0
17036.8088,49471.02,42688.12,53.6900,120.260,0.0,1811.97,168.240,420.180,45.9500,43.1200,0.0,0.0,0.0,0.0,46.2000,7.32,35.4900,50.6000,99.8900,8.2,0.0,0.0,0.0,0.0,11.35,0.0,26.9,15.2,0.0,0.0,0.0,0.0,0.0,0.0,0.0,0.0,0.0,0.0,0.0,0.0,0.0,16.5600,0.0,0.0,0.0,0.0,0.0,0.0,0.0,0.0,0.0,0.0,0.0,0.0,0.0,0.0,0.0,0.0,0.0,0.0,0.0,0.0,0.0,0.0,0.0,0.0,0.0,0.0,0.0,0.0,0.0
17049.5912,49476.02,42688.12,165.880,64.9500,0.0,1047.93,439.360,622.120,0.0,73.5600,0.0,0.0,0.0,0.0,0.0,111.75,54.5,62.8300,13.3,0.0,0.0,0.0,0.0,0.0,0.0,0.0,0.0,0.0,0.0,0.0,0.0,0.0,0.0,0.0,0.0,0.0,0.0,0.0,34.6400,0.0,0.0,80.5500,0.0,0.0,0.0,70.0,0.0,0.0,0.0,0.0,0.0,0.0,0.0,0.0,0.0,0.0,0.0,0.0,0.0,0.0,0.0,0.0,0.0,0.0,0.0,0.0,0.0,0.0,0.0,0.0,0.0
17062.3736,49481.02,42688.12,227.580,109.270,0.0,1195.23,288.990,366.900,33.3600,0.0,0.0,0.0,0.0,0.0,0.0,197.860,0.0,17.25,21.2800,0.0,0.0,0.0,0.0,0.0,67.9000,0.0,0.0,0.0,0.0,0.0,0.0,0.0,0.0,0.0,0.0,0.0,0.0,0.0,11.7200,0.0,18.8000,0.0,0.0,0.0,25.0400,0.0,0.0,0.0,0.0,0.0,0.0,0.0,0.0,0.0,0.0,0.0,0.0,0.0,0.0,0.0,0.0,0.0,0.0,0.0,0.0,0.0,0.0,0.0,0.0,0.0,0.0
17075.156,49486.02,42688.12,538.200,32.4000,0.0,969.140,267.150,273.700,56.25,0.0,0.0,0.0,0.0,0.0,0.0,0.0,0.0,4987.87,31.76,0.0,0.0,0.0,0.0,0.0,11.8,0.0,45.75,0.0,0.0,0.0,0.0,0.0,0.0,0.0,0.0,0.0,0.0,0.0,51.7400,0.0,0.0,12.8,0.0,0.0,0.0,0.0,0.0,0.0,0.0,0.0,0.0,0.0,0.0,0.0,0.0,0.0,0.0,0.0,0.0,0.0,0.0,0.0,0.0,0.0,0.0,0.0,0.0,0.0,0.0,0.0,0.0
17086.8732,49491.02,42688.12,106.060,32.0600,0.0,2399.38,261.380,875.910,18.6400,0.0,0.0,0.0,0.0,0.0,0.0,116.840,0.0,112.0,67.7000,0.0,0.0,0.0,0.0,0.0,0.0,0.0,0.0,8.52,0.0,0.0,20.85,0.0,0.0,0.0,0.0,15.52,0.0,0.0,0.0,0.0,0.0,0.0,0.0,0.0,0.0,0.0,0.0,0.0,0.0,0.0,0.0,0.0,0.0,0.0,0.0,0.0,0.0,0.0,0.0,0.0,0.0,0.0,0.0,0.0,0.0,0.0,0.0,0.0,0.0,0.0,0.0
17099.6556,49496.02,42688.12,337.690,46.6000,0.0,1005.94,163.220,671.180,35.0,0.0,0.0,0.0,95.5500,0.0,0.0,54.2800,0.0,43.0500,0.0,0.0,0.0,63.84,0.0,0.0,49.2000,0.0,0.0,21.0,0.0,0.0,0.0,0.0,0.0,0.0,0.0,0.0,0.0,0.0,0.0,0.0,13.4,0.0,0.0,0.0,0.0,0.0,0.0,0.0,0.0,0.0,0.0,0.0,0.0,0.0,0.0,0.0,0.0,0.0,0.0,0.0,0.0,0.0,0.0,0.0,0.0,0.0,0.0,0.0,0.0,0.0,0.0
17112.438,49501.02,42688.12,321.370,0.0,0.0,882.730,233.300,333.700,0.0,0.0,0.0,0.0,0.0,0.0,0.0,67.9600,0.0,132.740,23.9,0.0,0.0,33.75,0.0,0.0,45.2000,40.8800,15.45,46.0500,0.0,0.0,0.0,0.0,0.0,0.0,0.0,32.8800,0.0,0.0,0.0,0.0,0.0,75.9100,0.0,0.0,0.0,0.0,0.0,0.0,0.0,0.0,0.0,0.0,15.25,0.0,0.0,0.0,0.0,0.0,0.0,0.0,0.0,0.0,0.0,0.0,0.0,0.0,0.0,0.0,0.0,0.0,0.0
17125.2204,49506.02,42688.12,626.330,14.9,0.0,2133.84,147.370,373.390,28.42,0.0,0.0,0.0,0.0,0.0,0.0,194.170,0.0,162.75,68.7700,0.0,0.0,0.0,0.0,157.600,0.0,45.3700,58.8000,0.0,0.0,0.0,0.0,0.0,0.0,0.0,0.0,0.0,0.0,0.0,0.0,0.0,0.0,0.0,0.0,0.0,40.1700,0.0,0.0,0.0,24.25,0.0,0.0,0.0,0.0,0.0,0.0,0.0,0.0,0.0,35.6500,0.0,0.0,0.0,0.0,0.0,0.0,0.0,0.0,0.0,0.0,0.0,0.0
17136.9376,49511.02,42688.12,379.160,85.0200,0.0,1241.82,266.040,529.970,9.2,71.5400,0.0,0.0,0.0,0.0,0.0,0.0,19.7200,915.060,0.0,0.0,0.0,0.0,0.0,0.0,0.0,0.0,0.0,28.4400,0.0,0.0,0.0,0.0,0.0,0.0,0.0,0.0,0.0,0.0,0.0,0.0,0.0,0.0,0.0,0.0,0.0,0.0,0.0,0.0,0.0,0.0,0.0,0.0,0.0,0.0,0.0,0.0,0.0,0.0,0.0,0.0,0.0,0.0,0.0,0.0,0.0,0.0,9.48,0.0,0.0,0.0,0.0
17149.72,49516.02,42688.12,138.220,0.0,0.0,981.220,475.600,790.430,25.75,0.0,0.0,0.0,0.0,0.0,0.0,35.0400,0.0,318.690,11.4,0.0,0.0,0.0,0.0,0.0,17.1,0.0,0.0,0.0,0.0,0.0,0.0,0.0,0.0,0.0,0.0,16.2000,0.0,0.0,0.0,13.0,0.0,62.25,0.0,0.0,0.0,0.0,0.0,0.0,0.0,0.0,0.0,0.0,0.0,0.0,0.0,0.0,0.0,0.0,0.0,0.0,0.0,0.0,0.0,0.0,24.75,0.0,0.0,0.0,0.0,0.0,0.0
17162.5024,49521.02,42688.12,667.790,170.930,0.0,1577.23,132.620,0.1,0.0,0.0,0.0,0.0,0.0,0.0,0.0,0.0,67.2000,0.0,237.610,0.0,0.0,0.0,0.0,0.0,0.0,0.0,0.0,66.82,0.0,0.0,0.0,0.0,0.0,0.0,0.0,11.96,0.0,0.0,12.04,0.0,0.0,0.0,0.0,0.0,0.0,0.0,0.0,0.0,0.0,0.0,0.0,0.0,0.0,0.0,0.0,0.0,0.0,0.0,0.0,0.0,0.0,0.0,0.0,0.0,0.0,0.0,0.0,0.0,0.0,0.0,0.0
17174.2196,49526.02,42688.12,215.950,31.9400,0.0,1158.5,280.890,94.9000,208.410,32.2000,0.0,0.0,0.0,0.0,0.0,21.68,0.0,89.3700,0.0,0.0,0.0,0.0,0.0,0.0,18.75,86.6600,10.45,23.4,0.0,0.0,0.0,0.0,0.0,0.0,0.0,16.65,0.0,0.0,0.0,0.0,0.0,19.8800,0.0,0.0,0.0,0.0,0.0,0.0,0.0,0.0,0.0,0.0,0.0,0.0,0.0,0.0,0.0,0.0,0.0,0.0,0.0,0.0,0.0,0.0,0.0,0.0,0.0,0.0,0.0,0.0,0.0
17187.002,49531.02,42688.12,268.480,0.0,0.0,1637.11,319.340,642.380,65.1600,0.0,0.0,0.0,0.0,16.2800,0.0,23.5500,0.0,34.4000,62.5800,0.0,0.0,0.0,0.0,0.0,153.0,0.0,36.7000,0.0,0.0,0.0,0.0,0.0,0.0,0.0,0.0,0.0,0.0,0.0,49.2800,0.0,68.1200,22.84,0.0,0.0,0.0,0.0,0.0,0.0,0.0,0.0,0.0,0.0,0.0,0.0,0.0,0.0,0.0,0.0,0.0,0.0,58.2400,0.0,0.0,0.0,14.4,0.0,0.0,0.0,0.0,0.0,0.0
17199.7844,49536.02,42688.12,249.230,24.4,0.0,1314.56,344.640,672.670,64.2000,35.68,0.0,0.0,0.0,0.0,0.0,0.0,0.0,93.7000,0.0,0.0,0.0,0.0,0.0,0.0,0.0,0.0,168.450,41.34,0.0,0.0,0.0,0.0,0.0,0.0,0.0,0.0,0.0,0.0,0.0,0.0,0.0,0.0,0.0,0.0,0.0,0.0,0.0,0.0,0.0,0.0,0.0,0.0,0.0,0.0,0.0,0.0,0.0,0.0,0.0,0.0,0.0,0.0,0.0,0.0,0.0,0.0,79.6500,0.0,0.0,0.0,0.0
17212.5668,49541.02,42688.12,298.800,0.0,0.0,1825.91,370.020,669.0,26.7200,27.68,0.0,0.0,0.0,0.0,0.0,33.7400,0.0,107.720,0.0,0.0,0.0,0.0,0.0,0.0,15.7,0.0,81.7600,18.35,0.0,0.0,0.0,0.0,0.0,0.0,0.0,13.2800,0.0,0.0,0.0,0.0,0.0,0.0,0.0,0.0,0.0,0.0,0.0,0.0,0.0,0.0,0.0,0.0,0.0,0.0,0.0,0.0,0.0,0.0,0.0,0.0,0.0,0.0,0.0,0.0,78.75,8.6,0.0,0.0,0.0,0.0,0.0
17224.284,49546.02,42688.12,753.450,64.5,0.0,882.600,176.760,577.960,0.0,55.9500,0.0,0.0,0.0,0.0,0.0,8.6,0.0,51.1500,66.43,0.0,0.0,9.52,0.0,0.0,29.75,0.0,10.2800,28.99,0.0,0.0,49.7900,0.0,0.0,0.0,0.0,0.0,0.0,0.0,0.0,0.0,0.0,0.0,0.0,0.0,0.0,0.0,0.0,0.0,0.0,0.0,0.0,0.0,0.0,0.0,0.0,0.0,0.0,0.0,132.150,0.0,0.0,0.0,0.0,0.0,19.8800,0.0,0.0,0.0,0.0,0.0,0.0
17237.0664,49551.02,42688.12,317.820,24.75,0.0,1228.28,124.650,506.530,17.9500,0.0,0.0,0.0,14.1600,0.0,0.0,67.6000,0.0,78.0100,55.2200,0.0,0.0,0.0,0.0,0.0,0.0,0.0,0.0,44.4500,0.0,0.0,0.0,0.0,0.0,0.0,0.0,0.0,0.0,0.0,36.9000,35.6500,0.0,0.0,0.0,0.0,0.0,0.0,0.0,0.0,0.0,0.0,0.0,0.0,0.0,0.0,0.0,0.0,0.0,0.0,0.0,0.0,0.0,0.0,0.0,0.0,0.0,42.6000,0.0,0.0,0.0,0.0,0.0
17249.8488,49556.02,42688.12,47.25,0.0,0.0,2464.41,384.25,62.7000,10.45,37.5,0.0,0.0,0.0,0.0,0.0,84.3000,0.0,65.3800,0.0,0.0,0.0,0.0,0.0,0.0,0.0,0.0,0.0,49.1400,0.0,0.0,0.0,0.0,0.0,0.0,0.0,0.0,0.0,0.0,0.0,75.6000,0.0,0.0,0.0,0.0,0.0,0.0,0.0,0.0,0.0,0.0,0.0,0.0,0.0,0.0,0.0,0.0,0.0,0.0,0.0,0.0,0.0,0.0,0.0,0.0,0.0,0.0,0.0,0.0,0.0,0.0,0.0
17262.6312,49561.02,42688.12,228.380,129.930,0.0,177160.0,9908.68,6190.24,30.2000,0.0,0.0,0.0,0.0,0.0,0.0,0.0,35.0,92.5800,0.0,0.0,0.0,15.05,0.0,0.0,0.0,0.0,0.0,0.0,0.0,0.0,0.0,0.0,0.0,0.0,0.0,0.0,0.0,0.0,0.0,0.0,0.0,0.0,0.0,0.0,0.0,0.0,0.0,0.0,0.0,0.0,0.0,0.0,0.0,0.0,0.0,0.0,0.0,0.0,0.0,0.0,0.0,0.0,0.0,0.0,0.0,0.0,0.0,0.0,0.0,0.0,0.0
17274.3484,49566.02,42688.12,149.010,0.0,0.0,1198.59,185.350,803.380,0.0,15.0,0.0,0.0,162.260,0.0,0.0,0.0,0.0,44.0800,10.5600,0.0,0.0,0.0,0.0,0.0,78.5400,0.0,0.0,106.990,0.0,0.0,0.0,0.0,0.0,0.0,0.0,0.0,0.0,0.0,0.0,0.0,0.0,0.0,0.0,0.0,0.0,0.0,0.0,0.0,0.0,0.0,0.0,0.0,0.0,0.0,0.0,0.0,0.0,0.0,0.0,0.0,0.0,0.0,0.0,0.0,0.0,0.0,0.0,0.0,0.0,0.0,0.0
17287.1308,49571.02,42688.12,231.850,0.0,0.0,1182.40,92.9500,886.100,0.0,33.9000,0.0,0.0,0.0,0.0,0.0,42.3000,0.0,183.150,23.15,0.0,0.0,0.0,0.0,0.0,16.1,0.0,0.0,0.0,0.0,0.0,0.0,0.0,0.0,0.0,35.4000,0.0,0.0,0.0,14.5,0.0,18.2000,0.0,0.0,0.0,0.0,0.0,0.0,0.0,0.0,0.0,0.0,0.0,0.0,0.0,0.0,0.0,0.0,0.0,27.0500,0.0,0.0,0.0,0.0,0.0,23.5500,0.0,0.0,44.2000,0.0,0.0,0.0
17299.9132,49576.02,42688.12,547.050,0.0,0.0,694.990,204.310,601.020,236.650,0.0,0.0,0.0,0.0,0.0,0.0,33.3000,0.0,200.700,0.0,68.4000,0.0,0.0,0.0,0.0,15.05,0.0,33.25,0.0,0.0,0.0,39.1500,0.0,0.0,0.0,0.0,0.0,0.0,0.0,0.0,0.0,0.0,0.0,0.0,0.0,0.0,0.0,0.0,0.0,0.0,0.0,0.0,0.0,0.0,0.0,0.0,0.0,0.0,0.0,0.0,0.0,0.0,0.0,0.0,0.0,0.0,0.0,0.0,0.0,0.0,0.0,0.0
17312.6956,49581.02,42688.12,60.75,52.5,0.0,1925.48,128.030,780.490,11.1,0.0,0.0,0.0,0.0,0.0,0.0,33.5500,23.4400,76.9900,0.0,0.0,191.100,0.0,0.0,0.0,10.04,0.0,0.0,67.9600,0.0,0.0,0.0,0.0,0.0,0.0,0.0,0.0,0.0,0.0,42.1200,0.0,0.0,0.0,0.0,0.0,0.0,0.0,0.0,0.0,0.0,0.0,0.0,0.0,0.0,0.0,0.0,0.0,0.0,0.0,0.0,0.0,0.0,0.0,0.0,0.0,0.0,0.0,0.0,0.0,0.0,0.0,0.0
17324.4128,49586.02,42688.12,144.630,70.7600,0.0,1326.91,238.070,391.660,62.1000,0.0,0.0,0.0,48.8800,0.0,0.0,42.25,0.0,83.6500,0.0,0.0,0.0,0.0,0.0,0.0,39.2000,0.0,0.0,18.4400,0.0,0.0,0.0,0.0,0.0,0.0,0.0,55.2800,0.0,0.0,0.0,0.0,0.0,0.0,0.0,0.0,0.0,0.0,0.0,0.0,0.0,0.0,0.0,0.0,0.0,0.0,0.0,0.0,0.0,0.0,0.0,0.0,0.0,0.0,0.0,0.0,0.0,0.0,0.0,0.0,0.0,0.0,0.0
17337.1952,49591.02,42688.12,561.340,13.44,0.0,1925.13,148.020,319.370,0.0,0.0,0.0,0.0,0.0,34.25,0.0,65.6500,0.0,26.5,23.8800,0.0,0.0,0.0,0.0,0.0,64.3500,0.0,0.0,199.75,0.0,0.0,0.0,0.0,0.0,0.0,0.0,0.0,0.0,0.0,0.0,0.0,0.0,0.0,0.0,0.0,0.0,0.0,0.0,0.0,0.0,0.0,0.0,0.0,0.0,0.0,0.0,0.0,0.0,0.0,0.0,0.0,0.0,0.0,0.0,0.0,0.0,0.0,0.0,0.0,0.0,0.0,0.0
17349.9776,49596.02,42688.12,191.390,145.350,0.0,867.490,256.590,720.420,50.5500,13.1600,0.0,0.0,0.0,0.0,0.0,206.830,0.0,34.8000,82.9500,0.0,0.0,0.0,60.1500,0.0,0.0,0.0,0.0,55.9500,0.0,0.0,0.0,0.0,0.0,0.0,17.4,0.0,0.0,0.0,0.0,0.0,0.0,0.0,0.0,0.0,0.0,0.0,0.0,0.0,0.0,0.0,0.0,0.0,0.0,0.0,0.0,0.0,0.0,0.0,0.0,0.0,0.0,0.0,0.0,0.0,0.0,10.35,0.0,0.0,40.5,0.0,0.0
17362.76,49601.02,42688.12,289.240,69.4400,0.0,1271.22,198.510,431.160,72.2800,0.0,0.0,0.0,0.0,74.9000,0.0,63.2800,0.0,47.3800,43.3000,0.0,0.0,0.0,0.0,43.5400,101.690,0.0,0.0,0.0,0.0,0.0,0.0,0.0,0.0,0.0,0.0,0.0,0.0,0.0,0.0,0.0,0.0,0.0,0.0,0.0,0.0,0.0,0.0,0.0,0.0,0.0,0.0,0.0,0.0,0.0,0.0,0.0,0.0,0.0,0.0,0.0,0.0,0.0,0.0,0.0,41.8600,27.4400,0.0,0.0,0.0,28.3000,0.0
17374.4772,49606.02,42688.12,294.120,0.0,0.0,1823.38,230.75,1117.12,43.5500,0.0,0.0,0.0,0.0,0.0,0.0,39.8800,0.0,81.2700,70.4500,0.0,0.0,0.0,0.0,0.0,0.0,0.0,0.0,0.0,0.0,0.0,0.0,0.0,0.0,0.0,0.0,36.1700,0.0,37.3500,0.0,0.0,0.0,0.0,0.0,0.0,0.0,0.0,0.0,0.0,0.0,0.0,0.0,0.0,0.0,0.0,0.0,0.0,0.0,0.0,0.0,0.0,0.0,0.0,0.0,0.0,0.0,53.34,0.0,0.0,0.0,0.0,0.0
17387.2596,49611.02,42688.12,258.480,36.6500,0.0,1864.51,285.300,450.300,12.7,31.0500,0.0,0.0,0.0,0.0,0.0,29.6,0.0,68.8000,97.2000,0.0,0.0,0.0,0.0,0.0,0.0,0.0,0.0,0.0,0.0,0.0,0.0,0.0,0.0,0.0,16.68,29.8000,0.0,0.0,0.0,0.0,17.8000,0.0,0.0,0.0,0.0,0.0,0.0,0.0,0.0,0.0,0.0,0.0,0.0,0.0,0.0,0.0,0.0,0.0,0.0,0.0,0.0,0.0,0.0,0.0,10.4,0.0,0.0,0.0,0.0,0.0,0.0
17400.042,49616.02,42688.12,383.940,116.200,0.0,24194.3,1122.02,997.360,165.490,20.6,0.0,0.0,0.0,0.0,0.0,103.240,0.0,43.5500,0.0,20.8000,0.0,0.0,0.0,0.0,49.5600,0.0,0.0,17.6,0.0,0.0,0.0,0.0,0.0,0.0,0.0,0.0,0.0,0.0,0.0,0.0,0.0,13.68,0.0,0.0,0.0,67.0800,0.0,0.0,0.0,0.0,0.0,0.0,0.0,0.0,0.0,0.0,0.0,0.0,0.0,0.0,0.0,0.0,0.0,0.0,16.6400,0.0,0.0,0.0,0.0,0.0,0.0
17412.8244,49621.02,42688.12,344.090,0.0,0.0,2686.31,314.690,714.650,55.41,13.08,0.0,0.0,0.0,0.0,0.0,0.0,0.0,159.460,79.8900,41.6000,27.35,0.0,0.0,0.0,13.2,0.0,0.0,17.4500,0.0,0.0,0.0,0.0,20.85,0.0,0.0,0.0,0.0,0.0,0.0,0.0,0.0,0.0,0.0,0.0,0.0,0.0,0.0,0.0,0.0,0.0,0.0,0.0,0.0,0.0,0.0,0.0,0.0,0.0,0.0,0.0,0.0,0.0,0.0,0.0,28.3600,0.0,0.0,0.0,0.0,0.0,0.0
17424.5416,49626.02,42688.12,262.300,0.0,0.0,544.5,324.25,501.070,38.2600,0.0,0.0,0.0,0.0,0.0,0.0,22.98,0.0,26.3800,0.0,0.0,0.0,0.0,0.0,0.0,0.0,0.0,0.0,55.2000,0.0,0.0,0.0,0.0,0.0,0.0,0.0,0.0,0.0,0.0,0.0,57.9000,0.0,0.0,0.0,0.0,0.0,0.0,0.0,0.0,0.0,0.0,0.0,0.0,0.0,0.0,0.0,0.0,0.0,0.0,0.0,0.0,0.0,0.0,0.0,0.0,0.0,0.0,0.0,0.0,0.0,0.0,0.0
17437.324,49631.02,42688.12,322.580,0.0,0.0,453.190,433.680,430.630,12.35,0.0,0.0,0.0,30.5500,0.0,0.0,134.590,27.5,72.8700,0.0,0.0,0.0,0.0,0.0,0.0,11.95,0.0,23.25,24.5500,0.0,0.0,0.0,0.0,0.0,0.0,0.0,11.8,0.0,0.0,40.8000,0.0,37.66,0.0,0.0,0.0,0.0,0.0,0.0,0.0,0.0,0.0,0.0,0.0,0.0,0.0,0.0,0.0,0.0,0.0,0.0,0.0,0.0,0.0,0.0,0.0,0.0,0.0,0.0,0.0,0.0,0.0,0.0
17450.1064,49636.02,42688.12,205.360,0.0,0.0,1172.26,80.8700,425.010,56.9000,0.0,0.0,0.0,0.0,0.0,0.0,143.25,10.16,104.32,8.2,0.0,0.0,0.0,0.0,0.0,10.15,0.0,58.1000,0.0,0.0,0.0,0.0,0.0,0.0,0.0,15.48,0.0,0.0,0.0,0.0,17.6400,0.0,0.0,0.0,0.0,0.0,0.0,0.0,0.0,0.0,0.0,0.0,0.0,0.0,0.0,0.0,0.0,0.0,0.0,0.0,0.0,0.0,0.0,0.0,0.0,0.0,0.0,0.0,0.0,0.0,0.0,0.0
17461.8236,49641.02,42688.12,474.730,0.0,0.0,922.030,269.340,266.0,35.4000,0.0,0.0,0.0,0.0,0.0,0.0,29.6,16.5500,28.42,98.0100,0.0,0.0,0.0,0.0,0.0,0.0,0.0,0.0,12.5,0.0,0.0,0.0,0.0,0.0,0.0,90.3000,21.0,0.0,0.0,0.0,0.0,0.0,54.66,28.98,0.0,0.0,0.0,0.0,0.0,0.0,0.0,0.0,0.0,0.0,0.0,0.0,0.0,0.0,0.0,0.0,0.0,0.0,0.0,0.0,0.0,0.0,134.880,0.0,0.0,0.0,0.0,0.0
17474.606,49646.02,42688.12,416.570,14.6,0.0,1014.38,495.730,305.350,54.9400,28.6,0.0,0.0,13.0,0.0,0.0,50.1500,0.0,86.9700,65.1000,0.0,0.0,0.0,0.0,0.0,0.0,0.0,0.0,0.0,0.0,0.0,0.0,0.0,0.0,0.0,0.0,69.8100,0.0,14.56,0.0,0.0,0.0,53.4000,0.0,0.0,0.0,0.0,0.0,0.0,0.0,0.0,0.0,0.0,0.0,0.0,0.0,0.0,0.0,0.0,0.0,0.0,0.0,0.0,0.0,0.0,0.0,0.0,0.0,0.0,0.0,0.0,0.0
17487.3884,49651.02,42688.12,173.170,27.5,0.0,1276.10,265.940,447.150,70.6000,0.0,0.0,0.0,0.0,0.0,0.0,37.6000,40.9500,33.23,0.0,0.0,0.0,0.0,0.0,0.0,37.4000,30.52,0.0,11.4,0.0,0.0,0.0,0.0,36.1500,0.0,0.0,13.05,0.0,36.4000,9.12,0.0,0.0,0.0,0.0,0.0,0.0,0.0,0.0,0.0,0.0,0.0,0.0,0.0,0.0,0.0,0.0,0.0,0.0,0.0,0.0,0.0,0.0,0.0,0.0,0.0,0.0,0.0,0.0,0.0,0.0,0.0,0.0
17500.1708,49656.02,42688.12,279.540,0.0,0.0,1198.25,144.130,779.340,0.0,0.0,0.0,0.0,0.0,0.0,0.0,31.4,0.0,137.960,46.4000,0.0,0.0,0.0,0.0,0.0,59.8400,0.0,20.5,68.8000,0.0,0.0,0.0,0.0,57.8400,0.0,0.0,0.0,0.0,0.0,0.0,0.0,35.4900,124.600,0.0,0.0,0.0,0.0,0.0,0.0,0.0,0.0,0.0,0.0,0.0,0.0,0.0,0.0,0.0,0.0,0.0,0.0,0.0,0.0,0.0,0.0,28.2100,0.0,0.0,0.0,0.0,0.0,0.0
17511.888,49661.02,42688.12,479.990,0.0,0.0,1424.17,146.390,321.600,62.6200,0.0,0.0,0.0,0.0,19.6,0.0,72.8000,0.0,57.8800,131.150,0.0,0.0,0.0,0.0,0.0,0.0,0.0,52.0800,0.0,0.0,0.0,0.0,0.0,0.0,0.0,0.0,0.0,0.0,0.0,0.0,0.0,0.0,0.0,0.0,0.0,0.0,0.0,0.0,0.0,0.0,0.0,0.0,0.0,0.0,0.0,0.0,0.0,0.0,0.0,0.0,0.0,0.0,0.0,0.0,0.0,0.0,0.0,0.0,0.0,0.0,0.0,0.0
17524.6704,49666.02,42688.12,447.300,150.550,0.0,1772.27,449.600,308.130,121.68,0.0,0.0,0.0,0.0,0.0,0.0,32.07,0.0,9.08,56.4000,0.0,0.0,0.0,0.0,0.0,85.7600,0.0,13.6,0.0,0.0,0.0,0.0,0.0,0.0,0.0,0.0,0.0,0.0,0.0,0.0,56.9500,18.4,0.0,0.0,0.0,0.0,35.4000,0.0,0.0,0.0,0.0,0.0,0.0,0.0,0.0,0.0,0.0,0.0,0.0,0.0,0.0,0.0,0.0,0.0,0.0,0.0,0.0,0.0,0.0,0.0,0.0,0.0
17537.4528,49671.02,42688.12,132.210,0.0,0.0,1405.44,238.810,436.380,50.3800,30.1,0.0,0.0,0.0,0.0,0.0,94.8900,0.0,22.7000,114.880,0.0,0.0,0.0,0.0,0.0,45.2000,0.0,0.0,158.300,0.0,0.0,0.0,0.0,0.0,0.0,0.0,0.0,0.0,0.0,0.0,0.0,0.0,34.25,0.0,0.0,0.0,0.0,0.0,0.0,0.0,0.0,0.0,0.0,0.0,0.0,0.0,0.0,0.0,0.0,0.0,0.0,0.0,0.0,0.0,0.0,0.0,0.0,14.68,18.8800,0.0,0.0,0.0
17550.2352,49676.02,42688.12,209.090,0.0,0.0,1905.18,249.25,191.100,128.580,23.4500,0.0,0.0,0.0,0.0,0.0,56.0,0.0,42.5400,0.0,0.0,0.0,0.0,0.0,0.0,0.0,0.0,0.0,34.75,0.0,0.0,19.3600,0.0,0.0,0.0,0.0,0.0,0.0,0.0,0.0,0.0,0.0,32.8000,0.0,0.0,0.0,0.0,0.0,0.0,0.0,0.0,0.0,0.0,0.0,0.0,0.0,0.0,0.0,0.0,0.0,0.0,0.0,0.0,0.0,0.0,0.0,0.0,0.0,0.0,0.0,0.0,0.0
17561.9524,49681.02,42688.12,582.080,0.0,0.0,1276.94,127.200,227.830,84.1000,69.25,0.0,0.0,0.0,0.0,0.0,167.540,0.0,73.8500,63.9700,0.0,0.0,24.7000,0.0,0.0,0.0,0.0,11.68,0.0,0.0,0.0,0.0,0.0,0.0,0.0,0.0,0.0,19.4,0.0,0.0,0.0,0.0,10.08,0.0,0.0,0.0,0.0,0.0,0.0,0.0,0.0,0.0,64.0900,0.0,0.0,0.0,0.0,0.0,0.0,0.0,0.0,0.0,0.0,0.0,0.0,27.4,0.0,0.0,0.0,0.0,0.0,0.0
17574.7348,49686.02,42688.12,449.610,0.0,0.0,1104.92,377.380,343.690,296.75,34.0500,0.0,0.0,0.0,0.0,0.0,60.6500,0.0,185.430,135.450,0.0,0.0,0.0,0.0,0.0,77.18,0.0,29.2000,0.0,0.0,0.0,0.0,0.0,0.0,0.0,0.0,0.0,0.0,0.0,30.9,0.0,0.0,25.2000,0.0,0.0,0.0,0.0,0.0,0.0,0.0,0.0,0.0,0.0,0.0,0.0,0.0,0.0,0.0,0.0,0.0,0.0,0.0,0.0,0.0,0.0,0.0,0.0,0.0,0.0,0.0,0.0,0.0
17587.5172,49691.02,42688.12,642.420,0.0,0.0,2089.25,103.300,711.260,71.1000,12.8,0.0,0.0,0.0,0.0,0.0,0.0,0.0,126.75,13.75,0.0,0.0,0.0,0.0,0.0,25.74,0.0,0.0,39.2000,0.0,0.0,0.0,0.0,0.0,0.0,0.0,13.2800,0.0,0.0,0.0,0.0,0.0,0.0,0.0,0.0,0.0,0.0,0.0,0.0,0.0,0.0,0.0,0.0,0.0,0.0,0.0,0.0,0.0,0.0,0.0,0.0,0.0,0.0,0.0,0.0,0.0,0.0,0.0,0.0,0.0,0.0,0.0
17600.2996,49696.02,42688.12,133.330,55.6500,0.0,1481.92,196.110,787.620,56.6000,0.0,0.0,0.0,0.0,0.0,0.0,93.0300,0.0,41.1100,0.0,0.0,0.0,0.0,0.0,0.0,83.0500,0.0,43.5500,10.68,0.0,0.0,0.0,0.0,0.0,14.2,0.0,0.0,0.0,0.0,0.0,31.7800,0.0,0.0,0.0,0.0,0.0,0.0,0.0,0.0,0.0,0.0,0.0,0.0,0.0,0.0,0.0,0.0,0.0,0.0,0.0,0.0,0.0,0.0,0.0,0.0,0.0,0.0,0.0,0.0,0.0,0.0,0.0
17612.0168,49701.02,42688.12,497.160,47.25,0.0,1778.22,597.650,846.010,109.0,61.18,0.0,0.0,0.0,0.0,0.0,0.0,0.0,211.580,0.0,0.0,0.0,0.0,0.0,0.0,51.7800,0.0,19.6400,0.0,0.0,0.0,0.0,0.0,0.0,0.0,0.0,62.9200,0.0,0.0,26.2000,0.0,0.0,0.0,0.0,0.0,0.0,0.0,0.0,0.0,0.0,0.0,0.0,0.0,0.0,0.0,0.0,0.0,0.0,0.0,0.0,0.0,0.0,0.0,0.0,0.0,0.0,0.0,0.0,0.0,0.0,0.0,0.0
17624.7992,49706.02,42688.12,241.520,0.0,0.0,3064.99,322.410,340.110,352.950,69.1600,0.0,0.0,0.0,0.0,0.0,253.050,0.0,50.4000,0.0,0.0,0.0,0.0,0.0,0.0,84.1500,0.0,49.1000,0.0,0.0,0.0,39.1500,0.0,0.0,0.0,21.3000,0.0,0.0,40.32,66.4600,0.0,0.0,73.2000,0.0,0.0,0.0,0.0,0.0,0.0,0.0,0.0,0.0,0.0,0.0,0.0,0.0,0.0,0.0,0.0,0.0,0.0,0.0,0.0,0.0,0.0,0.0,0.0,0.0,0.0,0.0,0.0,0.0
17637.5816,49711.02,42688.12,283.050,0.0,33.4500,2669.49,306.210,575.390,20.73,17.1,0.0,0.0,0.0,0.0,0.0,45.09,0.0,98.0800,9.92,0.0,17.6,0.0,0.0,0.0,72.6000,0.0,0.0,27.57,0.0,0.0,0.0,0.0,0.0,0.0,78.68,0.0,0.0,0.0,0.0,0.0,0.0,15.6,0.0,0.0,0.0,0.0,0.0,0.0,0.0,0.0,0.0,0.0,0.0,0.0,0.0,0.0,0.0,0.0,0.0,0.0,0.0,0.0,0.0,17.85,0.0,0.0,0.0,0.0,74.1000,0.0,0.0
17650.364,49716.02,42688.12,227.640,0.0,0.0,2251.59,75.32,918.410,47.57,16.85,0.0,0.0,0.0,0.0,0.0,15.12,0.0,116.290,52.9500,0.0,34.4000,0.0,0.0,0.0,0.0,0.0,0.0,0.0,0.0,0.0,0.0,0.0,18.85,133.5,0.0,17.4,0.0,0.0,0.0,0.0,0.0,0.0,0.0,0.0,0.0,0.0,0.0,0.0,0.0,0.0,0.0,0.0,0.0,0.0,0.0,0.0,0.0,0.0,0.0,0.0,0.0,0.0,0.0,0.0,0.0,0.0,0.0,0.0,0.0,0.0,0.0
17662.0812,49721.02,42688.12,42.6500,0.0,0.0,1072.41,14.33,651.740,29.4,33.7000,0.0,0.0,0.0,0.0,0.0,91.0500,0.0,45.8600,22.5400,0.0,0.0,0.0,0.0,0.0,27.6900,0.0,11.4,13.0,0.0,0.0,0.0,0.0,37.7000,0.0,0.0,0.0,0.0,0.0,0.0,0.0,64.5400,23.68,0.0,0.0,0.0,0.0,0.0,0.0,0.0,0.0,0.0,0.0,0.0,0.0,0.0,0.0,0.0,0.0,0.0,0.0,0.0,0.0,0.0,0.0,0.0,0.0,0.0,0.0,0.0,0.0,0.0
17674.8636,49726.02,42688.12,360.460,77.6100,0.0,2007.25,178.150,995.770,73.8000,28.9,0.0,0.0,0.0,51.4500,0.0,69.0,0.0,142.650,67.6300,0.0,0.0,0.0,0.0,0.0,0.0,0.0,10.65,12.55,0.0,0.0,0.0,0.0,0.0,0.0,0.0,17.9,0.0,0.0,0.0,0.0,0.0,138.560,0.0,0.0,0.0,0.0,0.0,0.0,0.0,0.0,0.0,0.0,0.0,0.0,0.0,0.0,0.0,0.0,0.0,0.0,0.0,0.0,0.0,0.0,0.0,0.0,0.0,0.0,0.0,0.0,0.0
17687.646,49731.02,42688.12,181.970,0.0,0.0,3037.90,301.520,472.820,38.5400,30.24,0.0,0.0,59.0,0.0,36.2600,73.3500,0.0,54.2200,0.0,0.0,0.0,0.0,0.0,0.0,44.3900,0.0,0.0,0.0,0.0,0.0,0.0,0.0,0.0,0.0,0.0,127.950,0.0,0.0,0.0,0.0,0.0,28.48,0.0,0.0,0.0,0.0,0.0,0.0,0.0,62.0100,0.0,0.0,0.0,0.0,0.0,0.0,0.0,0.0,0.0,0.0,0.0,29.4,0.0,0.0,0.0,0.0,0.0,0.0,0.0,0.0,0.0
17700.4284,49736.02,42688.12,107.870,34.0500,0.0,2204.08,608.290,704.640,18.15,0.0,0.0,0.0,0.0,0.0,0.0,27.4500,19.0500,0.0,60.1500,0.0,0.0,0.0,0.0,0.0,107.120,0.0,14.4,44.4600,0.0,0.0,0.0,0.0,0.0,0.0,0.0,0.0,0.0,0.0,0.0,57.09,0.0,0.0,0.0,0.0,0.0,0.0,0.0,0.0,0.0,0.0,0.0,0.0,0.0,0.0,0.0,0.0,0.0,0.0,0.0,0.0,0.0,0.0,0.0,0.0,0.0,0.0,0.0,0.0,0.0,0.0,0.0
17712.1456,49741.02,42688.12,216.640,14.92,34.9500,1537.16,100.110,826.480,0.0,0.0,0.0,0.0,0.0,0.0,0.0,0.0,38.1000,74.68,28.1400,0.0,0.0,0.0,0.0,0.0,0.0,0.0,0.0,27.6,0.0,0.0,0.0,0.0,0.0,0.0,0.0,0.0,0.0,0.0,0.0,0.0,0.0,14.48,0.0,0.0,0.0,0.0,0.0,0.0,0.0,0.0,0.0,0.0,0.0,0.0,0.0,0.0,0.0,0.0,0.0,0.0,0.0,0.0,0.0,0.0,0.0,0.0,0.0,0.0,0.0,0.0,0.0
17724.928,49746.02,42688.12,179.690,14.3600,0.0,2660.87,191.840,292.090,0.0,0.0,0.0,0.0,0.0,0.0,0.0,60.9600,0.0,151.600,0.0,0.0,0.0,0.0,0.0,0.0,41.27,0.0,69.8600,0.0,0.0,0.0,17.92,0.0,0.0,38.3500,0.0,0.0,0.0,0.0,0.0,94.6000,0.0,0.0,0.0,0.0,0.0,0.0,0.0,0.0,0.0,0.0,0.0,0.0,0.0,0.0,0.0,0.0,0.0,0.0,0.0,0.0,0.0,0.0,0.0,0.0,0.0,0.0,0.0,0.0,0.0,0.0,0.0
17737.7104,49751.02,42688.12,206.380,0.0,0.0,2301.52,123.810,502.980,0.0,0.0,0.0,0.0,0.0,0.0,0.0,107.840,0.0,133.120,68.6300,0.0,0.0,25.9,0.0,0.0,0.0,0.0,0.0,0.0,0.0,0.0,0.0,0.0,0.0,0.0,0.0,0.0,0.0,0.0,0.0,42.48,0.0,9.16,0.0,0.0,0.0,0.0,0.0,0.0,22.1,0.0,10.55,0.0,0.0,0.0,0.0,0.0,0.0,0.0,28.0,0.0,0.0,0.0,0.0,0.0,0.0,0.0,0.0,0.0,0.0,0.0,0.0
17749.4276,49756.02,42688.12,128.390,0.0,0.0,1295.06,102.390,295.330,17.3000,11.1,0.0,0.0,0.0,0.0,0.0,520.740,0.0,18774.1,30.91,0.0,0.0,0.0,0.0,0.0,0.0,0.0,46.6100,11.15,0.0,14.65,0.0,0.0,0.0,0.0,14.2,76.9000,0.0,0.0,0.0,74.9000,0.0,16.0,0.0,0.0,0.0,0.0,0.0,0.0,0.0,0.0,0.0,0.0,0.0,0.0,0.0,0.0,0.0,0.0,0.0,0.0,0.0,0.0,0.0,0.0,0.0,0.0,0.0,0.0,0.0,0.0,0.0
17762.21,49761.02,42688.12,185.090,0.0,26.6400,1606.94,97.2200,337.480,24.7200,0.0,0.0,0.0,0.0,0.0,0.0,215.190,0.0,17882.6,82.3800,0.0,0.0,0.0,0.0,0.0,0.0,0.0,0.0,12.85,0.0,0.0,0.0,0.0,16.08,0.0,0.0,56.0,0.0,0.0,36.3500,18.1,0.0,0.0,0.0,0.0,0.0,0.0,0.0,0.0,0.0,0.0,0.0,0.0,0.0,0.0,0.0,0.0,0.0,0.0,0.0,0.0,0.0,0.0,0.0,0.0,0.0,0.0,0.0,0.0,0.0,0.0,0.0
17774.9924,49766.02,42688.12,239.940,0.0,0.0,1182.43,121.160,664.850,34.8900,0.0,0.0,0.0,23.65,0.0,0.0,1190.51,0.0,207.720,36.3800,0.0,0.0,0.0,0.0,0.0,43.6500,0.0,0.0,14.8,0.0,0.0,0.0,0.0,0.0,0.0,0.0,0.0,0.0,29.1200,11.0,0.0,0.0,0.0,0.0,0.0,0.0,0.0,0.0,0.0,0.0,0.0,0.0,0.0,0.0,0.0,0.0,0.0,0.0,0.0,0.0,0.0,0.0,0.0,0.0,0.0,0.0,27.8000,0.0,0.0,0.0,0.0,0.0
17787.7748,49771.02,42688.12,371.730,0.0,0.0,1748.79,94.0200,600.0,25.3600,0.0,0.0,0.0,0.0,0.0,0.0,279.5,11.3,69.9200,104.540,0.0,11.0,0.0,0.0,0.0,125.450,12.2,0.0,0.0,0.0,0.0,0.0,0.0,0.0,0.0,25.0,87.8000,0.0,0.0,24.5,0.0,31.84,61.9700,0.0,0.0,0.0,0.0,0.0,0.0,0.0,0.0,0.0,0.0,0.0,0.0,0.0,0.0,0.0,0.0,0.0,0.0,46.34,0.0,0.0,0.0,0.0,0.0,0.0,0.0,0.0,0.0,0.0
17799.492,49776.02,42688.12,185.530,0.0,0.0,1911.99,478.530,929.740,0.0,0.0,0.0,0.0,237.440,0.0,0.0,76.9000,0.0,46.2000,69.0500,0.0,22.0,0.0,0.0,0.0,102.690,0.0,0.0,0.0,0.0,0.0,0.0,0.0,0.0,0.0,0.0,88.4000,0.0,0.0,28.3000,11.4,67.2000,0.0,0.0,0.0,0.0,0.0,0.0,0.0,0.0,0.0,0.0,0.0,0.0,0.0,0.0,0.0,0.0,0.0,0.0,0.0,0.0,0.0,0.0,0.0,0.0,0.0,0.0,0.0,0.0,0.0,0.0
17812.2744,49781.02,42688.12,941.920,0.0,0.0,334.240,548.090,777.930,40.32,0.0,0.0,0.0,14.85,0.0,0.0,54.3800,0.0,307.820,56.0300,0.0,0.0,0.0,0.0,0.0,12.08,0.0,0.0,0.0,0.0,0.0,0.0,0.0,0.0,0.0,0.0,0.0,0.0,0.0,0.0,86.7000,0.0,0.0,0.0,0.0,0.0,0.0,0.0,0.0,42.0,0.0,0.0,0.0,0.0,0.0,0.0,0.0,0.0,0.0,0.0,0.0,0.0,0.0,0.0,10.0,0.0,0.0,0.0,0.0,0.0,0.0,0.0
17825.0568,49786.02,42688.12,257.840,0.0,0.0,1458.01,109.270,237.650,30.8000,59.75,0.0,0.0,0.0,0.0,0.0,222.340,70.6500,93.7900,0.0,0.0,0.0,27.4500,0.0,0.0,59.2000,0.0,0.0,0.0,0.0,0.0,0.0,0.0,0.0,0.0,0.0,56.59,0.0,0.0,0.0,0.0,0.0,0.0,0.0,0.0,0.0,0.0,0.0,0.0,0.0,0.0,0.0,0.0,0.0,0.0,0.0,0.0,0.0,0.0,0.0,0.0,0.0,0.0,14.65,25.0,0.0,0.0,0.0,0.0,0.0,0.0,0.0
17837.8392,49791.02,42688.12,105.720,0.0,0.0,706.960,291.300,488.660,12.8400,105.840,0.0,0.0,0.0,0.0,0.0,0.0,0.0,40.3000,0.0,0.0,0.0,0.0,0.0,0.0,24.68,0.0,0.0,0.0,0.0,0.0,0.0,0.0,0.0,0.0,0.0,0.0,0.0,0.0,0.0,0.0,0.0,0.0,0.0,27.7000,0.0,0.0,0.0,0.0,0.0,0.0,0.0,0.0,0.0,0.0,0.0,0.0,0.0,0.0,0.0,0.0,0.0,0.0,0.0,0.0,0.0,0.0,0.0,0.0,0.0,0.0,0.0
17849.5564,49796.02,42688.12,367.980,200.330,0.0,2172.27,143.5,460.920,44.34,97.7600,0.0,0.0,0.0,0.0,0.0,223.850,0.0,63.68,93.43,0.0,0.0,0.0,0.0,0.0,15.68,0.0,0.0,40.1500,0.0,0.0,0.0,0.0,0.0,0.0,8.04,0.0,0.0,0.0,34.77,0.0,0.0,0.0,0.0,0.0,0.0,0.0,0.0,0.0,0.0,0.0,0.0,0.0,0.0,0.0,0.0,0.0,0.0,0.0,0.0,0.0,0.0,0.0,0.0,0.0,0.0,0.0,0.0,0.0,0.0,0.0,0.0
17862.3388,49801.02,42688.12,307.150,0.0,0.0,2591.08,247.260,60.48,42.5300,0.0,0.0,0.0,0.0,23.85,0.0,0.0,0.0,15.2,38.6000,0.0,10.6,0.0,0.0,0.0,35.7000,0.0,0.0,0.0,0.0,0.0,0.0,0.0,0.0,0.0,0.0,56.25,0.0,0.0,0.0,0.0,0.0,0.0,0.0,0.0,0.0,0.0,0.0,0.0,0.0,0.0,0.0,0.0,0.0,0.0,0.0,0.0,0.0,0.0,0.0,0.0,0.0,0.0,0.0,0.0,0.0,0.0,0.0,0.0,0.0,0.0,0.0
17875.1212,49806.02,42688.12,147.360,23.4500,0.0,2098.62,333.600,377.110,120.950,0.0,0.0,0.0,0.0,0.0,0.0,0.0,38.5500,124.75,131.400,0.0,0.0,0.0,0.0,0.0,60.3000,0.0,0.0,0.0,0.0,0.0,18.6400,0.0,0.0,0.0,78.9000,0.0,32.5800,0.0,0.0,19.9500,0.0,0.0,0.0,0.0,0.0,0.0,0.0,0.0,0.0,0.0,0.0,0.0,0.0,0.0,0.0,0.0,0.0,0.0,0.0,0.0,0.0,0.0,0.0,0.0,47.8800,0.0,0.0,0.0,0.0,0.0,0.0
17887.9036,49811.02,42688.12,345.210,0.0,0.0,1385.93,139.150,957.180,0.0,0.0,0.0,0.0,18.8000,0.0,0.0,0.0,0.0,201.670,12.9,0.0,0.0,0.0,0.0,0.0,33.48,0.0,0.0,15.25,0.0,0.0,0.0,0.0,0.0,0.0,0.0,0.0,0.0,0.0,0.0,84.8400,70.2000,0.0,0.0,0.0,0.0,0.0,0.0,0.0,0.0,0.0,0.0,0.0,0.0,47.8500,0.0,0.0,0.0,0.0,0.0,0.0,0.0,0.0,0.0,0.0,0.0,0.0,0.0,0.0,0.0,0.0,0.0
17899.6208,49816.02,42688.12,72.4800,54.3000,0.0,1070.76,304.370,301.080,38.52,0.0,0.0,0.0,22.7000,0.0,0.0,31.18,12.2,79.3900,97.9200,0.0,0.0,0.0,0.0,0.0,0.0,9.4,0.0,0.0,0.0,0.0,0.0,0.0,0.0,0.0,0.0,0.0,0.0,0.0,0.0,0.0,0.0,0.0,0.0,0.0,0.0,0.0,0.0,0.0,0.0,0.0,0.0,0.0,0.0,0.0,0.0,0.0,0.0,0.0,0.0,0.0,0.0,0.0,0.0,0.0,0.0,0.0,0.0,0.0,0.0,0.0,0.0
17912.4032,49821.02,42688.12,125.900,103.910,0.0,860.570,525.810,549.0,100.410,0.0,0.0,0.0,0.0,0.0,0.0,29.25,0.0,169.230,0.0,0.0,0.0,0.0,0.0,0.0,42.7000,0.0,0.0,0.0,0.0,0.0,0.0,0.0,0.0,0.0,0.0,0.0,0.0,0.0,0.0,0.0,0.0,0.0,0.0,0.0,0.0,0.0,0.0,0.0,0.0,0.0,0.0,0.0,0.0,0.0,0.0,0.0,0.0,0.0,0.0,0.0,0.0,0.0,0.0,0.0,0.0,0.0,0.0,0.0,0.0,0.0,0.0
17925.1856,49826.02,42688.12,157.230,31.5,0.0,2226.23,346.080,714.850,62.4000,0.0,0.0,0.0,0.0,0.0,0.0,96.2000,0.0,80.9000,0.0,0.0,0.0,0.0,0.0,0.0,0.0,0.0,16.4,0.0,0.0,0.0,0.0,0.0,0.0,0.0,0.0,0.0,0.0,0.0,0.0,0.0,0.0,11.7,0.0,0.0,0.0,0.0,0.0,0.0,0.0,0.0,0.0,0.0,0.0,0.0,0.0,0.0,0.0,0.0,0.0,0.0,0.0,0.0,0.0,0.0,0.0,0.0,0.0,0.0,0.0,0.0,0.0
17937.968,49831.02,42688.12,163.890,0.0,0.0,2308.53,549.630,411.790,0.0,0.0,0.0,0.0,0.0,0.0,0.0,8.56000,9.36,12.24,108.200,0.0,0.0,0.0,0.0,0.0,79.3400,0.0,0.0,17.65,0.0,0.0,0.0,0.0,0.0,0.0,0.0,0.0,0.0,0.0,20.32,0.0,0.0,0.0,0.0,0.0,0.0,0.0,0.0,0.0,0.0,0.0,14.9,0.0,0.0,0.0,0.0,0.0,0.0,0.0,0.0,0.0,0.0,0.0,0.0,0.0,0.0,0.0,0.0,0.0,0.0,52.0,0.0
17949.6852,49836.02,42688.12,628.820,0.0,0.0,1887.81,229.880,458.620,0.0,0.0,0.0,0.0,0.0,0.0,0.0,192.090,65.9400,92.5600,114.480,0.0,0.0,0.0,0.0,0.0,46.4000,0.0,0.0,17.4,0.0,0.0,0.0,0.0,0.0,0.0,0.0,0.0,0.0,0.0,30.7200,0.0,39.34,0.0,0.0,0.0,0.0,0.0,0.0,0.0,0.0,0.0,29.8000,0.0,0.0,0.0,0.0,0.0,0.0,0.0,0.0,0.0,0.0,0.0,0.0,0.0,0.0,0.0,0.0,0.0,0.0,0.0,0.0
17962.4676,49841.02,42688.12,635.160,69.8700,0.0,2752.46,243.400,399.070,0.0,0.0,0.0,0.0,0.0,0.0,0.0,119.330,25.6,100.0,0.0,0.0,0.0,0.0,0.0,0.0,0.0,0.0,0.0,0.0,0.0,0.0,0.0,0.0,0.0,0.0,99.4500,38.25,0.0,0.0,126.850,0.0,0.0,0.0,0.0,0.0,0.0,0.0,0.0,0.0,0.0,0.0,0.0,0.0,0.0,0.0,0.0,0.0,0.0,0.0,33.5500,0.0,0.0,0.0,0.0,0.0,0.0,0.0,0.0,0.0,0.0,0.0,0.0
17975.25,49846.02,42688.12,349.950,0.0,0.0,1431.33,272.760,804.740,52.0800,0.0,0.0,0.0,0.0,0.0,0.0,233.460,0.0,2557.61,43.68,0.0,0.0,0.0,0.0,0.0,0.0,0.0,15.65,0.0,0.0,0.0,0.0,0.0,0.0,0.0,32.9000,0.0,0.0,0.0,0.0,0.0,0.0,0.0,0.0,0.0,0.0,0.0,0.0,0.0,14.12,0.0,0.0,0.0,0.0,0.0,0.0,0.0,0.0,0.0,0.0,0.0,0.0,0.0,0.0,0.0,0.0,0.0,0.0,0.0,0.0,0.0,0.0
17988.0324,49851.02,42688.12,0.0,0.0,0.0,1783.40,191.150,328.830,45.6400,0.0,26.35,0.0,0.0,0.0,0.0,279.510,28.5,18.25,60.32,0.0,0.0,74.2000,0.0,0.0,0.0,0.0,31.3000,59.16,0.0,0.0,0.0,0.0,0.0,0.0,28.4,0.0,0.0,0.0,0.0,0.0,0.0,0.0,0.0,0.0,0.0,0.0,0.0,0.0,0.0,0.0,0.0,0.0,0.0,0.0,0.0,0.0,0.0,0.0,0.0,0.0,0.0,0.0,0.0,0.0,0.0,0.0,0.0,50.9600,0.0,0.0,0.0
17999.7496,49856.02,42688.12,360.790,0.0,0.0,1599.24,185.75,1119.52,184.25,0.0,0.0,0.0,0.0,34.9000,0.0,188.200,0.0,5.36,28.35,0.0,0.0,0.0,0.0,0.0,18.8000,16.4400,0.0,44.8800,0.0,0.0,0.0,0.0,0.0,0.0,0.0,16.16,0.0,0.0,0.0,0.0,0.0,0.0,0.0,0.0,0.0,0.0,0.0,0.0,0.0,0.0,0.0,0.0,0.0,0.0,0.0,0.0,0.0,0.0,0.0,0.0,0.0,0.0,0.0,0.0,0.0,0.0,0.0,0.0,0.0,0.0,0.0
18012.532,49861.02,42688.12,265.120,103.590,0.0,650.25,362.920,514.260,108.18,0.0,0.0,0.0,0.0,0.0,0.0,160.550,0.0,135.25,0.0,0.0,0.0,0.0,0.0,0.0,20.6,0.0,0.0,0.0,0.0,0.0,0.0,0.0,0.0,0.0,28.73,0.0,0.0,0.0,0.0,17.16,0.0,0.0,0.0,0.0,0.0,0.0,0.0,0.0,31.5,0.0,0.0,0.0,0.0,0.0,0.0,0.0,0.0,0.0,0.0,0.0,0.0,0.0,0.0,0.0,56.25,0.0,0.0,0.0,25.3600,0.0,0.0
18025.3144,49866.02,42688.12,524.420,21.0400,0.0,3214.14,200.560,940.570,162.350,0.0,0.0,0.0,0.0,0.0,0.0,90.7600,0.0,0.0,36.1000,0.0,0.0,55.8600,0.0,0.0,53.4000,0.0,19.75,0.0,0.0,0.0,0.0,0.0,0.0,0.0,88.2000,0.0,0.0,0.0,0.0,0.0,15.1600,13.0,0.0,0.0,0.0,0.0,0.0,0.0,0.0,0.0,0.0,0.0,0.0,0.0,0.0,0.0,0.0,0.0,0.0,0.0,0.0,0.0,0.0,0.0,0.0,0.0,0.0,0.0,0.0,0.0,0.0
18037.0316,49871.02,42688.12,228.420,0.0,0.0,400.010,109.330,515.340,74.6000,0.0,0.0,0.0,0.0,0.0,0.0,25.07,0.0,42.6000,121.330,0.0,0.0,0.0,0.0,0.0,50.8500,14.65,15.1,0.0,0.0,0.0,0.0,0.0,0.0,0.0,0.0,17.6400,0.0,0.0,0.0,0.0,0.0,0.0,0.0,0.0,0.0,0.0,0.0,0.0,22.2000,0.0,0.0,0.0,0.0,0.0,0.0,0.0,0.0,0.0,0.0,0.0,0.0,0.0,0.0,0.0,0.0,0.0,0.0,0.0,0.0,0.0,0.0
18049.814,49876.02,42688.12,298.510,0.0,0.0,1087.62,106.650,460.510,136.180,0.0,0.0,0.0,0.0,0.0,0.0,13.0400,0.0,94.1900,30.4,0.0,0.0,21.65,0.0,0.0,45.9000,0.0,0.0,97.2800,0.0,44.4600,0.0,0.0,0.0,0.0,47.75,18.08,0.0,0.0,0.0,0.0,0.0,0.0,0.0,0.0,0.0,0.0,0.0,0.0,0.0,0.0,0.0,0.0,0.0,0.0,0.0,0.0,0.0,0.0,0.0,0.0,0.0,0.0,0.0,0.0,21.75,0.0,0.0,0.0,0.0,0.0,0.0
18062.5964,49881.02,42688.12,122.82,0.0,0.0,1330.0,666.320,908.130,0.0,18.84,0.0,0.0,0.0,0.0,0.0,0.0,0.0,47.82,24.5,0.0,0.0,0.0,0.0,0.0,16.4,0.0,0.0,0.0,0.0,0.0,0.0,0.0,0.0,0.0,0.0,19.3000,0.0,0.0,0.0,0.0,0.0,126.300,0.0,0.0,0.0,0.0,0.0,0.0,0.0,0.0,0.0,0.0,0.0,0.0,0.0,0.0,0.0,0.0,0.0,0.0,0.0,0.0,0.0,0.0,0.0,0.0,0.0,0.0,0.0,0.0,0.0
18075.3788,49886.02,42688.12,156.430,27.9500,0.0,775.880,295.900,276.610,41.2600,0.0,0.0,0.0,0.0,0.0,0.0,32.25,16.76,50.77,39.2000,0.0,0.0,0.0,0.0,0.0,30.76,0.0,0.0,0.0,0.0,0.0,0.0,0.0,0.0,0.0,0.0,31.08,0.0,0.0,0.0,13.5,0.0,0.0,0.0,0.0,0.0,0.0,0.0,0.0,0.0,0.0,0.0,0.0,0.0,0.0,0.0,0.0,0.0,41.5800,0.0,0.0,0.0,0.0,0.0,0.0,0.0,0.0,0.0,0.0,0.0,0.0,0.0
18087.096,49891.02,42688.12,356.070,0.0,0.0,1537.21,462.400,949.980,17.5600,17.52,0.0,0.0,0.0,86.8500,0.0,69.8900,0.0,20.8000,57.6500,0.0,0.0,0.0,0.0,0.0,0.0,0.0,0.0,0.0,0.0,0.0,0.0,0.0,0.0,0.0,0.0,0.0,0.0,0.0,0.0,0.0,0.0,0.0,0.0,0.0,0.0,0.0,0.0,0.0,0.0,0.0,0.0,0.0,0.0,0.0,0.0,0.0,0.0,0.0,0.0,0.0,0.0,0.0,0.0,0.0,0.0,0.0,0.0,0.0,0.0,0.0,0.0
18099.8784,49896.02,42688.12,78.82,0.0,0.0,2400.32,246.860,279.170,69.7200,0.0,0.0,0.0,0.0,0.0,0.0,116.120,20.15,164.420,34.4000,0.0,0.0,0.0,0.0,0.0,46.7200,0.0,0.0,56.1200,83.5500,0.0,0.0,0.0,0.0,0.0,0.0,0.0,11.2,0.0,0.0,0.0,0.0,0.0,0.0,0.0,0.0,0.0,0.0,0.0,0.0,0.0,0.0,0.0,0.0,0.0,0.0,0.0,0.0,0.0,0.0,0.0,0.0,0.0,0.0,0.0,0.0,0.0,0.0,0.0,0.0,0.0,0.0
18112.6608,49901.02,42688.12,462.25,0.0,0.0,2354.75,105.050,268.790,0.0,0.0,0.0,0.0,0.0,0.0,72.5400,71.1700,0.0,102.5,36.25,0.0,0.0,0.0,0.0,0.0,93.68,0.0,0.0,56.3000,0.0,0.0,0.0,0.0,0.0,0.0,0.0,16.7000,0.0,0.0,85.8000,0.0,0.0,0.0,0.0,0.0,14.65,0.0,0.0,0.0,0.0,0.0,0.0,0.0,0.0,0.0,0.0,0.0,0.0,0.0,0.0,0.0,0.0,0.0,0.0,0.0,0.0,0.0,0.0,0.0,0.0,0.0,0.0
18125.4432,49906.02,42688.12,252.440,12.12,0.0,1355.76,233.950,701.180,104.93,0.0,0.0,0.0,0.0,0.0,0.0,92.5100,11.36,11.12,14.75,0.0,0.0,0.0,0.0,0.0,8.4,0.0,16.52,49.27,0.0,0.0,0.0,0.0,0.0,0.0,0.0,26.7200,0.0,0.0,0.0,0.0,0.0,11.35,0.0,0.0,23.4400,0.0,0.0,0.0,0.0,0.0,0.0,0.0,0.0,0.0,0.0,0.0,0.0,0.0,0.0,0.0,0.0,0.0,0.0,0.0,31.5,0.0,0.0,0.0,0.0,0.0,0.0
18137.1604,49911.02,42688.12,436.160,39.6500,0.0,1198.64,155.090,1679.88,22.35,33.0500,0.0,0.0,0.0,0.0,0.0,136.810,0.0,135.370,95.1000,0.0,0.0,0.0,0.0,0.0,10.2,0.0,0.0,0.0,0.0,0.0,0.0,0.0,0.0,0.0,0.0,0.0,0.0,0.0,65.5200,0.0,0.0,62.7400,0.0,0.0,0.0,0.0,0.0,0.0,0.0,0.0,0.0,0.0,16.3600,0.0,0.0,0.0,0.0,0.0,0.0,0.0,0.0,0.0,0.0,0.0,0.0,13.24,0.0,0.0,0.0,0.0,0.0
18149.9428,49916.02,42688.12,351.050,14.08,0.0,1597.06,252.060,360.220,83.5300,0.0,0.0,0.0,49.5,0.0,0.0,57.4500,0.0,47.7900,0.0,0.0,0.0,0.0,0.0,0.0,37.2000,0.0,0.0,0.0,0.0,0.0,0.0,0.0,0.0,0.0,0.0,0.0,0.0,0.0,0.0,0.0,0.0,0.0,0.0,0.0,0.0,0.0,14.6,0.0,0.0,0.0,0.0,0.0,40.9000,0.0,0.0,0.0,0.0,0.0,0.0,0.0,0.0,0.0,0.0,138.150,0.0,0.0,0.0,0.0,0.0,0.0,0.0
18162.7252,49921.02,42688.12,389.100,0.0,0.0,1361.30,148.080,1088.16,137.320,14.08,0.0,0.0,0.0,0.0,0.0,0.0,20.6,67.5300,0.0,0.0,0.0,0.0,0.0,0.0,72.5600,54.4500,9.32,0.0,0.0,0.0,0.0,0.0,0.0,0.0,0.0,12.2,0.0,0.0,0.0,0.0,0.0,0.0,0.0,0.0,0.0,0.0,0.0,0.0,0.0,0.0,0.0,0.0,0.0,0.0,0.0,0.0,0.0,0.0,0.0,0.0,0.0,0.0,0.0,0.0,0.0,0.0,0.0,0.0,0.0,0.0,0.0
18175.5076,49926.02,42688.12,177.660,19.35,0.0,1477.69,244.570,795.300,17.35,0.0,0.0,0.0,0.0,0.0,0.0,72.57,50.7800,6.12,166.840,0.0,0.0,0.0,0.0,0.0,72.5,0.0,0.0,0.0,0.0,0.0,0.0,0.0,0.0,0.0,0.0,36.48,11.05,0.0,0.0,0.0,0.0,15.1600,0.0,0.0,0.0,0.0,0.0,0.0,0.0,0.0,0.0,0.0,0.0,0.0,0.0,0.0,0.0,0.0,0.0,0.0,0.0,0.0,0.0,0.0,0.0,0.0,0.0,0.0,0.0,0.0,0.0
18187.2248,49931.02,42688.12,310.290,0.0,0.0,1544.07,192.870,837.430,181.200,0.0,0.0,0.0,0.0,0.0,0.0,120.490,0.0,11.15,34.3700,0.0,0.0,0.0,0.0,0.0,0.0,0.0,0.0,24.08,0.0,0.0,0.0,0.0,0.0,0.0,0.0,81.1200,22.1,9.12,0.0,0.0,0.0,0.0,0.0,0.0,0.0,0.0,0.0,0.0,0.0,0.0,0.0,0.0,0.0,0.0,0.0,0.0,0.0,0.0,0.0,0.0,0.0,0.0,0.0,0.0,0.0,33.02,0.0,0.0,0.0,0.0,0.0
18200.0072,49936.02,42688.12,192.590,0.0,0.0,1032.83,384.670,532.040,0.0,23.0,0.0,0.0,0.0,0.0,0.0,43.8000,0.0,29.5500,8.8,0.0,0.0,0.0,0.0,0.0,30.75,0.0,12.0,29.5500,0.0,0.0,0.0,0.0,0.0,0.0,0.0,0.0,0.0,0.0,0.0,0.0,0.0,0.0,0.0,0.0,0.0,0.0,0.0,0.0,0.0,0.0,0.0,0.0,0.0,0.0,0.0,0.0,0.0,0.0,0.0,0.0,0.0,0.0,0.0,0.0,0.0,0.0,0.0,0.0,0.0,0.0,0.0
18212.7896,49941.02,42688.12,441.450,87.0,0.0,2486.68,167.150,490.720,77.8600,54.4000,0.0,0.0,0.0,39.4500,0.0,0.0,0.0,10.65,14.08,0.0,0.0,0.0,0.0,0.0,36.1100,0.0,31.8000,0.0,0.0,0.0,0.0,0.0,0.0,0.0,0.0,0.0,0.0,0.0,32.4500,0.0,0.0,0.0,0.0,0.0,0.0,0.0,17.48,0.0,26.9500,0.0,0.0,0.0,0.0,0.0,0.0,0.0,0.0,0.0,0.0,0.0,0.0,0.0,0.0,0.0,0.0,39.6000,0.0,49.3000,0.0,0.0,0.0
18225.572,49946.02,42688.12,366.140,13.8,0.0,2363.12,572.800,938.290,0.0,10.32,0.0,0.0,0.0,0.0,0.0,53.6200,0.0,27.8800,89.5400,0.0,0.0,0.0,0.0,0.0,29.0,0.0,50.8800,0.0,0.0,0.0,0.0,0.0,0.0,0.0,13.8400,12.7,0.0,0.0,0.0,0.0,0.0,0.0,0.0,0.0,0.0,0.0,0.0,0.0,0.0,0.0,0.0,0.0,0.0,0.0,0.0,0.0,0.0,0.0,0.0,0.0,0.0,0.0,0.0,0.0,0.0,0.0,0.0,0.0,0.0,0.0,0.0
18237.2892,49951.02,42688.12,234.830,0.0,0.0,1989.65,298.370,481.100,80.1900,95.1600,0.0,0.0,0.0,0.0,0.0,123.360,0.0,126.520,0.0,0.0,0.0,0.0,0.0,0.0,13.6,0.0,0.0,0.0,60.6400,0.0,0.0,0.0,0.0,0.0,0.0,0.0,47.9700,65.1300,0.0,0.0,0.0,0.0,0.0,0.0,0.0,0.0,0.0,0.0,0.0,66.9200,0.0,0.0,0.0,0.0,0.0,0.0,0.0,0.0,0.0,0.0,0.0,0.0,0.0,0.0,0.0,0.0,0.0,0.0,0.0,0.0,0.0
18250.0716,49956.02,42688.12,76.8100,0.0,0.0,1594.71,64.7600,192.490,69.4500,0.0,0.0,0.0,0.0,0.0,0.0,0.0,0.0,84.6200,31.32,0.0,0.0,0.0,0.0,0.0,0.0,0.0,20.3000,86.8400,0.0,0.0,0.0,0.0,0.0,0.0,0.0,0.0,0.0,0.0,45.6300,0.0,0.0,0.0,0.0,0.0,0.0,0.0,0.0,0.0,0.0,0.0,0.0,0.0,0.0,0.0,0.0,0.0,0.0,0.0,0.0,0.0,0.0,0.0,0.0,0.0,0.0,0.0,0.0,0.0,0.0,0.0,0.0
18262.854,49961.02,42688.12,309.810,0.0,0.0,1390.43,177.780,49.77,33.3000,0.0,0.0,0.0,0.0,0.0,0.0,33.16,0.0,48.6000,55.8100,0.0,0.0,0.0,0.0,0.0,0.0,0.0,0.0,27.0300,0.0,0.0,0.0,0.0,0.0,0.0,0.0,0.0,0.0,0.0,25.75,0.0,0.0,18.7200,0.0,0.0,0.0,0.0,0.0,0.0,0.0,0.0,0.0,0.0,0.0,0.0,0.0,78.0,0.0,0.0,0.0,0.0,0.0,0.0,0.0,0.0,0.0,0.0,0.0,0.0,0.0,0.0,0.0
18275.6364,49966.02,42688.12,168.400,0.0,0.0,918.950,167.680,224.75,0.0,0.0,0.0,0.0,0.0,0.0,0.0,180.980,113.260,131.910,80.7000,0.0,0.0,0.0,0.0,0.0,27.2000,15.9,18.5,19.7000,0.0,0.0,0.0,0.0,0.0,0.0,0.0,0.0,0.0,0.0,38.5,0.0,10.8,0.0,0.0,0.0,0.0,0.0,0.0,0.0,0.0,79.3000,0.0,0.0,0.0,0.0,0.0,0.0,0.0,0.0,0.0,0.0,0.0,0.0,0.0,0.0,0.0,0.0,0.0,0.0,0.0,0.0,0.0
18287.3536,49971.02,42688.12,104.390,29.25,0.0,2799.48,279.240,370.950,0.0,0.0,0.0,0.0,0.0,0.0,0.0,102.480,13.24,124.440,0.0,0.0,0.0,0.0,0.0,0.0,0.0,14.65,0.0,83.8900,0.0,0.0,0.0,0.0,0.0,0.0,0.0,0.0,0.0,0.0,113.75,0.0,0.0,56.7000,0.0,0.0,0.0,0.0,0.0,0.0,0.0,0.0,0.0,0.0,0.0,0.0,0.0,0.0,0.0,0.0,0.0,0.0,0.0,0.0,0.0,0.0,0.0,84.3000,0.0,0.0,0.0,0.0,0.0
18300.136,49976.02,42688.12,184.030,0.0,0.0,2473.62,291.150,199.350,26.18,17.4,0.0,0.0,0.0,0.0,0.0,23.0500,0.0,75.6500,82.4500,0.0,0.0,0.0,0.0,0.0,30.5500,0.0,0.0,31.65,0.0,0.0,0.0,0.0,0.0,0.0,0.0,0.0,0.0,0.0,0.0,0.0,0.0,0.0,0.0,0.0,0.0,0.0,0.0,10.15,0.0,0.0,0.0,0.0,0.0,0.0,0.0,0.0,0.0,0.0,0.0,0.0,0.0,0.0,0.0,0.0,0.0,0.0,0.0,0.0,23.2000,0.0,0.0
18312.9184,49981.02,42688.12,722.710,15.8,0.0,1335.49,384.110,665.130,148.350,0.0,0.0,44.2400,0.0,0.0,0.0,138.880,0.0,15.8,0.0,0.0,0.0,0.0,0.0,0.0,0.0,0.0,0.0,9.65,0.0,0.0,0.0,0.0,0.0,0.0,0.0,0.0,0.0,0.0,0.0,0.0,18.5500,0.0,0.0,0.0,0.0,0.0,0.0,0.0,0.0,0.0,0.0,0.0,0.0,0.0,0.0,0.0,0.0,0.0,0.0,0.0,0.0,0.0,0.0,0.0,46.6500,0.0,0.0,0.0,37.1200,0.0,0.0
18324.6356,49986.02,42688.12,531.220,25.1900,0.0,2253.47,261.570,272.530,48.8500,0.0,0.0,0.0,0.0,0.0,0.0,80.4800,0.0,106.540,71.8000,0.0,0.0,0.0,0.0,0.0,0.0,0.0,0.0,25.35,0.0,0.0,0.0,0.0,0.0,0.0,0.0,57.9700,0.0,19.7000,69.7800,0.0,37.1000,33.7000,0.0,0.0,0.0,0.0,0.0,0.0,0.0,0.0,0.0,0.0,0.0,0.0,0.0,0.0,0.0,0.0,0.0,0.0,0.0,0.0,0.0,0.0,93.3000,0.0,0.0,0.0,0.0,0.0,0.0
18337.418,49991.02,42688.12,197.840,0.0,0.0,1723.31,372.970,773.920,59.2200,0.0,0.0,0.0,0.0,0.0,0.0,0.0,11.32,99.6000,17.8000,0.0,0.0,0.0,0.0,0.0,24.32,0.0,0.0,0.0,0.0,0.0,0.0,0.0,0.0,0.0,0.0,0.0,0.0,0.0,0.0,0.0,0.0,15.6400,0.0,0.0,0.0,0.0,0.0,0.0,0.0,0.0,0.0,0.0,0.0,0.0,0.0,0.0,0.0,0.0,0.0,0.0,0.0,0.0,0.0,0.0,0.0,0.0,0.0,0.0,0.0,0.0,0.0
18350.2004,49996.02,42688.12,623.010,0.0,0.0,1451.88,63.6200,499.770,8.6,0.0,0.0,0.0,0.0,0.0,0.0,23.6,59.0,146.640,0.0,0.0,0.0,0.0,0.0,0.0,91.7400,0.0,0.0,0.0,0.0,0.0,0.0,0.0,0.0,0.0,41.98,28.1,0.0,0.0,0.0,0.0,0.0,30.0500,0.0,0.0,0.0,0.0,0.0,0.0,0.0,0.0,0.0,0.0,0.0,0.0,0.0,0.0,0.0,0.0,0.0,0.0,0.0,0.0,0.0,0.0,30.4500,0.0,0.0,0.0,0.0,0.0,0.0
18362.9828,50001.02,42688.12,483.520,0.0,0.0,2225.63,304.110,254.110,53.7800,0.0,0.0,0.0,0.0,0.0,0.0,151.700,0.0,318.900,112.290,0.0,0.0,0.0,0.0,0.0,0.0,0.0,0.0,0.0,0.0,0.0,0.0,0.0,0.0,0.0,0.0,44.9600,60.75,0.0,0.0,0.0,0.0,100.880,0.0,0.0,0.0,0.0,21.0400,0.0,0.0,15.2,0.0,0.0,0.0,0.0,0.0,0.0,0.0,0.0,0.0,0.0,0.0,67.0800,0.0,0.0,0.0,0.0,0.0,0.0,0.0,0.0,0.0
18374.7,50006.02,42688.12,592.090,0.0,0.0,1028.10,433.210,1053.22,89.8000,0.0,0.0,0.0,0.0,0.0,0.0,75.6000,17.2000,46.7000,0.0,0.0,0.0,80.1400,0.0,0.0,55.2000,0.0,61.7400,0.0,0.0,0.0,0.0,0.0,0.0,0.0,0.0,0.0,0.0,0.0,15.24,0.0,0.0,0.0,0.0,0.0,0.0,0.0,0.0,0.0,0.0,0.0,0.0,0.0,0.0,0.0,0.0,0.0,0.0,0.0,0.0,0.0,0.0,68.5600,0.0,0.0,0.0,15.8,0.0,0.0,0.0,0.0,0.0
18387.4824,50011.02,42688.12,378.740,0.0,0.0,680.110,65.5,672.740,144.820,0.0,0.0,0.0,0.0,0.0,0.0,26.3000,0.0,29.4400,52.3900,0.0,0.0,0.0,0.0,0.0,0.0,0.0,42.77,37.6100,0.0,0.0,0.0,0.0,0.0,0.0,0.0,0.0,15.2,28.5500,0.0,0.0,0.0,0.0,0.0,0.0,0.0,0.0,0.0,0.0,0.0,0.0,0.0,0.0,0.0,0.0,0.0,0.0,0.0,0.0,0.0,0.0,0.0,0.0,0.0,0.0,0.0,0.0,0.0,0.0,0.0,0.0,0.0
18400.2648,50016.02,42688.12,464.470,18.9500,0.0,843.020,353.950,225.800,77.9500,19.5600,0.0,0.0,0.0,0.0,0.0,15.0,0.0,189.990,82.9000,0.0,0.0,0.0,0.0,0.0,9.68,0.0,0.0,33.9000,0.0,0.0,0.0,0.0,0.0,0.0,0.0,0.0,0.0,0.0,17.3600,0.0,0.0,0.0,0.0,0.0,18.84,0.0,0.0,0.0,0.0,0.0,13.45,0.0,0.0,0.0,0.0,0.0,0.0,0.0,0.0,0.0,0.0,0.0,0.0,0.0,0.0,0.0,0.0,0.0,0.0,0.0,0.0
18413.0472,50021.02,42688.12,346.990,0.0,0.0,2728.75,189.440,628.240,50.27,51.3000,0.0,0.0,15.0,0.0,0.0,132.310,8.36,7.0,19.6400,77.1400,0.0,0.0,0.0,0.0,58.8000,0.0,0.0,30.2200,0.0,0.0,0.0,0.0,81.3400,0.0,0.0,0.0,0.0,0.0,0.0,0.0,0.0,19.5600,0.0,0.0,0.0,14.56,0.0,0.0,0.0,0.0,0.0,0.0,0.0,0.0,0.0,0.0,0.0,0.0,0.0,0.0,0.0,0.0,0.0,0.0,0.0,0.0,0.0,0.0,0.0,0.0,0.0
18424.7644,50026.02,42688.12,268.320,10.48,0.0,2062.33,457.110,493.150,55.1500,17.6,0.0,0.0,30.0,0.0,0.0,28.1400,35.9500,17.32,46.4600,0.0,0.0,0.0,0.0,0.0,29.65,0.0,12.2800,0.0,0.0,0.0,0.0,0.0,0.0,0.0,0.0,10.5600,0.0,0.0,0.0,0.0,0.0,0.0,0.0,0.0,0.0,0.0,0.0,0.0,12.32,0.0,0.0,0.0,0.0,0.0,0.0,0.0,0.0,0.0,0.0,0.0,0.0,0.0,0.0,0.0,0.0,0.0,0.0,0.0,0.0,0.0,0.0
18437.5468,50031.02,42688.12,768.070,0.0,0.0,1015.93,364.670,300.440,6.72,44.0,0.0,0.0,0.0,0.0,0.0,0.0,0.0,42.5400,138.090,0.0,0.0,0.0,0.0,0.0,0.0,0.0,0.0,33.2400,0.0,0.0,0.0,0.0,0.0,0.0,0.0,9.24,0.0,0.0,47.0600,0.0,0.0,0.0,0.0,0.0,0.0,0.0,0.0,13.25,0.0,0.0,0.0,0.0,0.0,0.0,0.0,0.0,0.0,0.0,0.0,32.0400,0.0,0.0,0.0,0.0,0.0,44.7000,0.0,0.0,0.0,0.0,0.0
18450.3292,50036.02,42688.12,186.680,0.0,0.0,881.210,109.550,771.480,130.080,0.0,0.0,49.7000,0.0,0.0,0.0,32.5,0.0,21.7000,28.9,0.0,0.0,0.0,0.0,0.0,0.0,0.0,0.0,0.0,0.0,0.0,0.0,0.0,0.0,0.0,21.4400,54.6000,0.0,0.0,0.0,0.0,0.0,0.0,0.0,0.0,0.0,0.0,0.0,0.0,0.0,0.0,0.0,0.0,0.0,0.0,0.0,0.0,0.0,0.0,0.0,0.0,0.0,0.0,0.0,23.6,16.25,0.0,0.0,0.0,0.0,0.0,0.0
18463.1116,50041.02,42688.12,401.550,14.05,0.0,2079.79,371.570,458.760,20.3600,38.7800,0.0,0.0,0.0,0.0,0.0,116.5,0.0,43.73,54.6000,0.0,0.0,0.0,0.0,0.0,16.35,0.0,0.0,107.100,0.0,0.0,0.0,0.0,0.0,0.0,46.5400,0.0,0.0,0.0,33.48,35.4900,0.0,57.2600,0.0,0.0,0.0,0.0,0.0,0.0,0.0,0.0,38.0800,0.0,0.0,0.0,0.0,0.0,0.0,0.0,0.0,0.0,0.0,0.0,0.0,0.0,0.0,0.0,0.0,0.0,11.32,0.0,0.0
18474.8288,50046.02,42688.12,319.040,28.1,0.0,2435.28,335.830,365.420,27.9500,12.36,0.0,0.0,0.0,0.0,0.0,87.2000,0.0,52.0,12.05,0.0,0.0,0.0,0.0,0.0,69.4200,0.0,0.0,36.52,0.0,0.0,0.0,0.0,0.0,0.0,0.0,0.0,0.0,0.0,0.0,0.0,0.0,0.0,0.0,0.0,0.0,0.0,0.0,0.0,0.0,0.0,0.0,0.0,0.0,0.0,0.0,0.0,0.0,0.0,0.0,0.0,0.0,0.0,0.0,0.0,0.0,14.35,0.0,0.0,0.0,0.0,0.0
18487.6112,50051.02,42688.12,502.600,0.0,0.0,720.070,156.25,571.130,52.1500,0.0,0.0,0.0,0.0,0.0,0.0,83.4100,0.0,80.0300,110.370,0.0,0.0,0.0,0.0,0.0,0.0,0.0,10.3,104.700,0.0,0.0,0.0,0.0,0.0,0.0,0.0,0.0,0.0,0.0,13.7,0.0,0.0,19.0500,0.0,0.0,0.0,0.0,0.0,0.0,0.0,0.0,0.0,0.0,0.0,0.0,0.0,0.0,0.0,0.0,0.0,0.0,0.0,0.0,0.0,0.0,0.0,0.0,0.0,0.0,0.0,0.0,0.0
18500.3936,50056.02,42688.12,426.050,0.0,0.0,1634.35,170.660,545.290,9.0,0.0,0.0,0.0,0.0,0.0,0.0,114.700,0.0,30.4,33.7000,0.0,0.0,0.0,0.0,0.0,33.4500,0.0,0.0,72.1200,0.0,0.0,0.0,0.0,0.0,0.0,0.0,0.0,0.0,0.0,0.0,0.0,0.0,0.0,0.0,0.0,0.0,0.0,0.0,0.0,0.0,0.0,0.0,0.0,0.0,0.0,0.0,0.0,0.0,0.0,0.0,0.0,0.0,0.0,0.0,0.0,0.0,0.0,0.0,0.0,0.0,0.0,0.0
18513.176,50061.02,42688.12,187.340,0.0,0.0,1883.72,265.320,394.490,0.0,69.8400,0.0,0.0,0.0,0.0,0.0,159.660,9.56000,18.8700,0.0,0.0,0.0,0.0,0.0,0.0,46.7600,0.0,0.0,0.0,0.0,0.0,0.0,0.0,0.0,0.0,78.3000,0.0,0.0,0.0,10.16,82.0400,32.25,36.5300,0.0,0.0,0.0,0.0,0.0,0.0,0.0,0.0,0.0,0.0,0.0,0.0,0.0,0.0,0.0,0.0,0.0,0.0,0.0,0.0,0.0,0.0,0.0,37.1000,0.0,0.0,0.0,0.0,0.0
18524.8932,50066.02,42688.12,209.910,0.0,0.0,1198.56,123.650,501.930,0.0,38.75,0.0,0.0,0.0,64.9600,0.0,28.0,0.0,29.75,0.0,0.0,0.0,0.0,0.0,0.0,10.36,0.0,0.0,0.0,0.0,0.0,24.4500,0.0,0.0,0.0,0.0,67.9100,0.0,0.0,0.0,0.0,0.0,8.96,0.0,0.0,0.0,0.0,0.0,0.0,0.0,0.0,0.0,0.0,0.0,36.1500,0.0,0.0,0.0,0.0,0.0,0.0,0.0,18.48,0.0,0.0,0.0,0.0,0.0,0.0,0.0,0.0,0.0
18537.6756,50071.02,42688.12,155.850,118.950,0.0,1583.13,256.130,676.980,0.0,0.0,0.0,0.0,0.0,0.0,0.0,168.300,93.5200,63.9600,0.0,0.0,0.0,0.0,0.0,0.0,25.5,0.0,0.0,0.0,0.0,0.0,0.0,0.0,0.0,0.0,0.0,0.0,0.0,0.0,0.0,0.0,0.0,60.4000,0.0,0.0,0.0,0.0,0.0,0.0,0.0,0.0,0.0,0.0,0.0,0.0,0.0,0.0,0.0,0.0,0.0,16.1,0.0,0.0,0.0,0.0,0.0,0.0,0.0,0.0,0.0,0.0,0.0
18550.458,50076.02,42688.12,215.520,15.24,0.0,1188.17,301.040,597.890,69.3000,0.0,0.0,0.0,0.0,0.0,0.0,27.84,0.0,33.6400,26.0400,0.0,0.0,0.0,0.0,0.0,0.0,0.0,0.0,7.12,0.0,0.0,0.0,0.0,0.0,0.0,0.0,0.0,0.0,0.0,26.0400,13.9600,0.0,0.0,0.0,0.0,0.0,0.0,0.0,0.0,0.0,0.0,0.0,0.0,0.0,0.0,0.0,0.0,0.0,0.0,0.0,0.0,0.0,0.0,0.0,27.4,12.76,0.0,28.5500,0.0,0.0,0.0,0.0
18562.1752,50081.02,42688.12,392.330,0.0,0.0,2724.66,329.440,295.150,77.0800,15.25,0.0,0.0,0.0,0.0,0.0,0.0,0.0,36.8500,0.0,0.0,0.0,0.0,0.0,0.0,50.48,0.0,0.0,0.0,0.0,0.0,0.0,0.0,0.0,0.0,0.0,0.0,19.2000,0.0,0.0,0.0,0.0,0.0,0.0,0.0,0.0,0.0,0.0,0.0,0.0,0.0,0.0,0.0,0.0,0.0,0.0,0.0,0.0,0.0,0.0,0.0,0.0,0.0,0.0,0.0,0.0,0.0,0.0,0.0,0.0,0.0,0.0
18574.9576,50086.02,42688.12,560.100,35.0,0.0,1173.88,429.050,487.590,51.1000,0.0,0.0,0.0,0.0,17.0400,0.0,29.25,0.0,155.220,0.0,0.0,0.0,0.0,0.0,0.0,11.95,0.0,17.16,148.230,0.0,0.0,0.0,0.0,0.0,0.0,0.0,0.0,0.0,16.1,0.0,0.0,0.0,0.0,0.0,0.0,0.0,0.0,0.0,0.0,0.0,0.0,0.0,0.0,0.0,0.0,0.0,0.0,0.0,0.0,0.0,0.0,0.0,0.0,0.0,0.0,0.0,0.0,0.0,0.0,0.0,0.0,0.0
18587.74,50091.02,42688.12,305.830,50.3000,0.0,1315.34,55.7100,296.900,9.35,76.0500,0.0,0.0,0.0,0.0,0.0,73.8000,0.0,90.1000,55.8000,0.0,14.65,0.0,0.0,0.0,12.45,0.0,18.6400,55.6500,0.0,0.0,0.0,0.0,0.0,0.0,0.0,15.7,0.0,0.0,0.0,90.8600,0.0,0.0,0.0,0.0,0.0,0.0,0.0,0.0,0.0,0.0,0.0,0.0,0.0,0.0,0.0,0.0,0.0,0.0,0.0,0.0,0.0,0.0,0.0,0.0,0.0,0.0,0.0,0.0,0.0,0.0,0.0
18600.5224,50096.02,42688.12,689.640,44.7000,70.9800,1781.75,220.670,396.010,28.8100,56.4000,0.0,0.0,0.0,0.0,0.0,0.0,0.0,44.5300,36.9600,0.0,0.0,0.0,0.0,0.0,0.0,15.0,0.0,0.0,0.0,0.0,0.0,0.0,0.0,0.0,65.8500,0.0,0.0,12.2,21.75,0.0,0.0,39.5,0.0,0.0,0.0,0.0,0.0,0.0,0.0,0.0,0.0,0.0,0.0,0.0,0.0,0.0,0.0,0.0,0.0,0.0,0.0,0.0,0.0,0.0,0.0,0.0,0.0,0.0,0.0,0.0,0.0
18612.2396,50101.02,42688.12,482.180,30.25,0.0,1103.16,129.550,586.330,37.57,132.050,0.0,0.0,27.9,0.0,0.0,87.5200,0.0,83.8000,84.0600,0.0,0.0,0.0,0.0,0.0,11.05,0.0,0.0,49.0400,0.0,0.0,0.0,0.0,0.0,0.0,0.0,0.0,0.0,0.0,43.5,0.0,0.0,0.0,0.0,0.0,0.0,0.0,0.0,0.0,0.0,0.0,0.0,0.0,0.0,0.0,0.0,0.0,0.0,0.0,0.0,0.0,0.0,0.0,0.0,0.0,0.0,0.0,0.0,0.0,0.0,0.0,0.0
18625.022,50106.02,42688.12,271.020,64.0800,0.0,2280.13,547.290,1131.43,102.900,0.0,0.0,0.0,0.0,0.0,0.0,0.0,0.0,76.1200,0.0,0.0,0.0,0.0,0.0,0.0,0.0,0.0,0.0,23.0,0.0,0.0,0.0,0.0,0.0,0.0,0.0,0.0,0.0,0.0,0.0,0.0,0.0,0.0,0.0,0.0,0.0,0.0,0.0,0.0,0.0,0.0,0.0,0.0,0.0,0.0,0.0,0.0,0.0,0.0,0.0,0.0,0.0,0.0,0.0,0.0,0.0,0.0,0.0,0.0,33.2800,0.0,0.0
18637.8044,50111.02,42688.12,356.370,32.3700,0.0,1198.93,263.560,170.470,11.5600,27.58,0.0,0.0,0.0,0.0,0.0,49.3800,0.0,72.3500,34.9500,0.0,0.0,0.0,0.0,0.0,112.170,0.0,0.0,55.5100,0.0,0.0,0.0,0.0,0.0,0.0,0.0,10.85,0.0,0.0,0.0,0.0,0.0,0.0,0.0,0.0,0.0,0.0,0.0,16.1,0.0,0.0,0.0,0.0,0.0,0.0,0.0,0.0,0.0,0.0,0.0,0.0,0.0,0.0,0.0,0.0,0.0,0.0,0.0,0.0,0.0,0.0,57.75
18650.5868,50116.02,42688.12,519.190,0.0,0.0,1836.05,173.030,546.660,0.0,128.940,0.0,0.0,0.0,0.0,0.0,71.6000,0.0,93.4200,0.0,0.0,0.0,0.0,0.0,0.0,52.9200,0.0,0.0,0.0,0.0,0.0,0.0,0.0,0.0,0.0,0.0,36.8600,0.0,0.0,0.0,0.0,0.0,0.0,0.0,0.0,0.0,0.0,0.0,25.76,0.0,0.0,0.0,0.0,26.8000,0.0,0.0,0.0,0.0,0.0,0.0,0.0,0.0,0.0,0.0,0.0,0.0,0.0,0.0,0.0,0.0,0.0,0.0
18662.304,50121.02,42688.12,332.070,0.0,0.0,3353.75,322.070,582.440,157.75,25.3600,0.0,0.0,14.0400,0.0,0.0,92.1000,0.0,11.6,146.950,0.0,0.0,0.0,0.0,0.0,14.44,0.0,0.0,0.0,47.8800,0.0,0.0,0.0,0.0,0.0,0.0,39.0,46.5400,0.0,0.0,0.0,0.0,0.0,0.0,0.0,0.0,0.0,0.0,0.0,0.0,0.0,0.0,0.0,0.0,0.0,0.0,0.0,0.0,0.0,0.0,0.0,0.0,0.0,0.0,0.0,0.0,0.0,0.0,0.0,0.0,0.0,0.0
18675.0864,50126.02,42688.12,336.25,0.0,0.0,3498.62,293.120,990.470,0.0,63.4000,0.0,0.0,0.0,0.0,0.0,35.23,0.0,14.7,0.0,0.0,47.5500,0.0,0.0,0.0,0.0,0.0,37.1000,36.0600,0.0,0.0,0.0,0.0,0.0,0.0,0.0,0.0,0.0,0.0,18.48,0.0,13.75,0.0,0.0,0.0,0.0,0.0,0.0,0.0,0.0,0.0,0.0,0.0,0.0,0.0,42.77,0.0,0.0,0.0,0.0,0.0,0.0,0.0,0.0,0.0,0.0,0.0,0.0,0.0,0.0,0.0,0.0
18687.8688,50131.02,42688.12,399.930,0.0,0.0,1099.31,204.800,913.730,0.0,0.0,0.0,0.0,0.0,0.0,0.0,78.93,0.0,56.8000,45.4200,0.0,0.0,16.8800,0.0,0.0,36.6500,0.0,0.0,27.3000,0.0,0.0,0.0,0.0,0.0,0.0,0.0,0.0,0.0,0.0,46.2000,0.0,0.0,0.0,0.0,0.0,0.0,0.0,0.0,0.0,0.0,0.0,0.0,0.0,0.0,0.0,0.0,0.0,0.0,0.0,0.0,0.0,0.0,0.0,0.0,0.0,0.0,0.0,0.0,0.0,0.0,0.0,0.0
18700.6512,50136.02,42688.12,309.590,0.0,68.8000,1765.20,368.020,713.700,0.0,73.8100,0.0,0.0,10.8,0.0,0.0,20.0,0.0,154.580,35.68,0.0,0.0,0.0,0.0,0.0,42.68,23.3000,38.09,85.8500,0.0,70.7200,0.0,0.0,0.0,0.0,10.52,0.0,0.0,0.0,0.0,0.0,0.0,0.0,0.0,0.0,0.0,0.0,0.0,0.0,0.0,0.0,0.0,0.0,0.0,0.0,0.0,0.0,0.0,0.0,0.0,0.0,0.0,0.0,0.0,0.0,0.0,0.0,0.0,0.0,0.0,0.0,0.0
18712.3684,50141.02,42688.12,31.91,83.4000,0.0,3163.85,30.76,618.190,150.690,0.0,0.0,0.0,0.0,55.5500,0.0,256.080,0.0,46.41,33.2000,0.0,0.0,0.0,0.0,0.0,21.2000,0.0,0.0,47.7400,0.0,0.0,0.0,0.0,0.0,0.0,0.0,0.0,0.0,0.0,0.0,0.0,0.0,26.0,0.0,0.0,0.0,0.0,0.0,0.0,0.0,0.0,0.0,0.0,0.0,0.0,0.0,0.0,0.0,0.0,0.0,0.0,0.0,0.0,0.0,0.0,0.0,0.0,0.0,0.0,0.0,0.0,0.0
18725.1508,50146.02,42688.12,141.150,0.0,0.0,948.950,383.450,835.870,76.3000,19.4500,0.0,0.0,0.0,0.0,0.0,10.0,0.0,202.290,0.0,0.0,0.0,0.0,0.0,0.0,9.44000,0.0,0.0,0.0,0.0,0.0,0.0,0.0,0.0,0.0,15.75,0.0,0.0,0.0,0.0,0.0,0.0,0.0,0.0,0.0,0.0,0.0,0.0,0.0,0.0,0.0,0.0,0.0,0.0,0.0,0.0,0.0,0.0,0.0,0.0,0.0,0.0,0.0,0.0,0.0,0.0,0.0,0.0,0.0,0.0,0.0,0.0
18737.9332,50151.02,42688.12,661.180,27.52,10.8,1676.75,262.110,516.800,113.470,0.0,0.0,0.0,18.85,0.0,0.0,86.6500,12.52,24.6,0.0,0.0,0.0,0.0,0.0,0.0,12.24,0.0,0.0,0.0,0.0,0.0,0.0,0.0,0.0,0.0,0.0,17.5,0.0,0.0,0.0,0.0,15.4,0.0,0.0,0.0,0.0,0.0,0.0,0.0,0.0,16.4500,0.0,0.0,0.0,0.0,0.0,0.0,0.0,0.0,0.0,0.0,0.0,0.0,0.0,0.0,0.0,0.0,0.0,0.0,0.0,0.0,0.0
18750.7156,50156.02,42688.12,152.130,0.0,42.3000,2372.19,297.590,652.830,77.68,0.0,0.0,0.0,0.0,0.0,0.0,0.0,0.0,61.7100,12.85,0.0,0.0,0.0,0.0,0.0,64.2000,0.0,17.8000,0.0,0.0,0.0,0.0,0.0,0.0,0.0,0.0,0.0,0.0,0.0,0.0,0.0,0.0,18.8800,0.0,0.0,0.0,0.0,0.0,0.0,0.0,0.0,0.0,0.0,40.18,0.0,0.0,0.0,0.0,11.96,0.0,0.0,0.0,0.0,45.8900,0.0,0.0,0.0,0.0,0.0,0.0,0.0,0.0
18762.4328,50161.02,42688.12,144.050,15.3600,0.0,1432.37,623.800,194.930,58.23,20.16,0.0,0.0,0.0,0.0,0.0,59.8000,20.52,186.280,0.0,0.0,0.0,0.0,0.0,0.0,20.8800,0.0,0.0,57.8500,0.0,0.0,0.0,0.0,0.0,0.0,16.0400,0.0,33.02,0.0,0.0,0.0,0.0,0.0,0.0,0.0,0.0,0.0,0.0,0.0,0.0,0.0,0.0,0.0,0.0,0.0,0.0,0.0,0.0,0.0,0.0,0.0,0.0,0.0,0.0,0.0,0.0,0.0,0.0,0.0,0.0,0.0,0.0
18775.2152,50166.02,42688.12,852.520,349.840,0.0,136884.0,6545.05,6121.91,20.15,0.0,0.0,0.0,57.1200,0.0,0.0,215.770,0.0,0.0,27.15,0.0,0.0,43.0500,0.0,0.0,97.1500,0.0,0.0,68.3000,0.0,0.0,0.0,0.0,0.0,0.0,41.6000,0.0,0.0,0.0,0.0,19.5,0.0,0.0,0.0,0.0,0.0,0.0,0.0,0.0,0.0,0.0,0.0,0.0,0.0,0.0,0.0,0.0,0.0,0.0,0.0,0.0,0.0,0.0,0.0,0.0,0.0,0.0,0.0,0.0,0.0,0.0,0.0
18787.9976,50171.02,42688.12,643.350,398.700,0.0,349549.0,21526.0,13620.4,100.300,159.350,0.0,0.0,0.0,0.0,0.0,36.3000,0.0,260.75,59.6000,0.0,0.0,243.020,0.0,0.0,100.560,0.0,16.0,0.0,0.0,0.0,0.0,0.0,0.0,0.0,21.9500,0.0,0.0,0.0,0.0,0.0,0.0,221.890,0.0,0.0,0.0,0.0,0.0,0.0,0.0,0.0,0.0,0.0,0.0,0.0,0.0,0.0,0.0,0.0,0.0,0.0,0.0,0.0,0.0,0.0,0.0,0.0,0.0,0.0,0.0,0.0,0.0
18800.78,50176.02,42688.12,496.470,0.0,0.0,2535.54,203.120,753.340,42.8800,0.0,0.0,0.0,0.0,0.0,0.0,0.0,0.0,53.6300,11.5,0.0,0.0,0.0,0.0,0.0,17.4500,100.100,0.0,0.0,0.0,0.0,0.0,0.0,0.0,0.0,35.1200,0.0,0.0,0.0,70.1600,0.0,0.0,12.75,0.0,0.0,0.0,0.0,0.0,0.0,0.0,0.0,0.0,0.0,0.0,27.7200,0.0,0.0,0.0,0.0,0.0,0.0,0.0,0.0,0.0,0.0,0.0,48.0,0.0,0.0,0.0,0.0,0.0
18812.4972,50181.02,42688.12,282.740,0.0,0.0,1050.68,120.240,443.480,114.690,0.0,0.0,0.0,0.0,0.0,23.6400,50.7600,0.0,41.73,23.0,0.0,0.0,0.0,0.0,0.0,63.7200,0.0,0.0,7.8,0.0,0.0,0.0,0.0,0.0,0.0,69.75,0.0,0.0,0.0,0.0,0.0,19.32,25.5,0.0,0.0,0.0,0.0,0.0,0.0,0.0,0.0,0.0,0.0,0.0,33.9000,0.0,0.0,0.0,0.0,0.0,0.0,0.0,0.0,0.0,0.0,0.0,0.0,0.0,0.0,0.0,0.0,0.0
18825.2796,50186.02,42688.12,324.75,0.0,0.0,2062.74,376.780,603.600,151.140,0.0,0.0,0.0,24.7000,0.0,0.0,36.4500,29.6,93.0,0.0,0.0,0.0,0.0,0.0,0.0,0.0,0.0,0.0,9.9,0.0,0.0,0.0,0.0,0.0,0.0,0.0,67.3400,0.0,0.0,0.0,0.0,30.8100,0.0,0.0,0.0,0.0,0.0,0.0,0.0,0.0,0.0,0.0,0.0,0.0,0.0,0.0,0.0,0.0,0.0,0.0,0.0,0.0,0.0,0.0,0.0,0.0,0.0,0.0,0.0,0.0,0.0,0.0
18838.062,50191.02,42688.12,254.600,142.570,0.0,2237.72,227.440,620.310,66.0900,0.0,0.0,0.0,0.0,0.0,0.0,47.3600,0.0,44.18,89.1100,0.0,0.0,0.0,0.0,0.0,91.8000,0.0,17.6400,0.0,0.0,0.0,0.0,0.0,0.0,0.0,0.0,0.0,0.0,0.0,17.9600,0.0,26.75,40.9500,0.0,0.0,0.0,0.0,0.0,0.0,0.0,0.0,0.0,0.0,0.0,0.0,0.0,0.0,0.0,0.0,0.0,0.0,0.0,0.0,0.0,0.0,0.0,0.0,0.0,0.0,0.0,0.0,0.0
18849.7792,50196.02,42688.12,281.640,0.0,26.85,2251.33,383.330,731.690,70.8000,24.5500,0.0,0.0,0.0,0.0,0.0,48.9500,0.0,128.25,32.9000,0.0,0.0,0.0,0.0,0.0,0.0,0.0,0.0,33.7200,0.0,0.0,0.0,0.0,0.0,0.0,0.0,0.0,0.0,0.0,41.6000,0.0,0.0,87.3600,0.0,0.0,0.0,0.0,0.0,0.0,0.0,8.4,0.0,0.0,0.0,0.0,0.0,0.0,0.0,0.0,0.0,0.0,0.0,0.0,0.0,0.0,0.0,0.0,0.0,0.0,0.0,0.0,0.0
18862.5616,50201.02,42688.12,414.890,0.0,78.6000,1374.80,84.0400,1233.17,85.25,58.9400,0.0,0.0,0.0,0.0,0.0,80.7400,0.0,92.4800,162.470,0.0,0.0,0.0,15.76,0.0,28.3600,0.0,0.0,43.9600,0.0,0.0,0.0,0.0,0.0,0.0,0.0,0.0,0.0,0.0,0.0,0.0,0.0,0.0,0.0,0.0,0.0,0.0,0.0,0.0,80.0800,0.0,0.0,0.0,0.0,0.0,0.0,0.0,0.0,14.6,0.0,0.0,0.0,0.0,0.0,0.0,79.6600,0.0,0.0,46.6700,0.0,0.0,0.0
18875.344,50206.02,42688.12,545.270,0.0,0.0,1137.95,521.770,386.680,28.8000,0.0,0.0,0.0,0.0,0.0,0.0,91.2200,0.0,101.700,170.810,0.0,0.0,0.0,0.0,0.0,16.2000,0.0,0.0,41.9000,0.0,0.0,0.0,0.0,0.0,0.0,0.0,0.0,0.0,0.0,0.0,0.0,0.0,0.0,0.0,0.0,0.0,0.0,0.0,0.0,0.0,0.0,0.0,0.0,0.0,0.0,0.0,0.0,0.0,0.0,0.0,0.0,0.0,0.0,0.0,0.0,0.0,0.0,0.0,0.0,0.0,0.0,0.0
18888.1264,50211.02,42688.12,589.470,100.25,0.0,2552.33,240.230,311.300,112.620,0.0,0.0,0.0,0.0,0.0,0.0,40.2400,0.0,11.05,0.0,0.0,0.0,0.0,0.0,0.0,38.6100,0.0,0.0,46.2000,0.0,0.0,0.0,0.0,0.0,126.0,92.6900,0.0,0.0,0.0,0.0,0.0,0.0,26.1200,0.0,0.0,0.0,0.0,0.0,0.0,0.0,0.0,0.0,0.0,0.0,0.0,0.0,0.0,0.0,0.0,0.0,0.0,0.0,0.0,16.2800,0.0,28.4,0.0,0.0,0.0,0.0,0.0,0.0
18899.8436,50216.02,42688.12,635.360,135.220,0.0,1412.32,324.780,670.050,0.0,80.6000,0.0,0.0,0.0,0.0,0.0,26.3000,50.9600,0.0,0.0,0.0,0.0,0.0,0.0,0.0,30.5,0.0,0.0,67.57,0.0,0.0,0.0,0.0,0.0,0.0,20.65,61.9000,0.0,0.0,0.0,18.5,0.0,0.0,0.0,0.0,0.0,0.0,0.0,0.0,0.0,0.0,0.0,0.0,0.0,0.0,0.0,0.0,0.0,0.0,0.0,0.0,0.0,0.0,0.0,0.0,0.0,0.0,0.0,0.0,0.0,0.0,0.0
18912.626,50221.02,42688.12,588.130,35.1000,0.0,1975.27,270.810,702.560,35.23,137.510,0.0,0.0,0.0,0.0,0.0,20.0400,0.0,48.7100,12.76,0.0,22.35,0.0,0.0,0.0,129.850,0.0,0.0,0.0,0.0,0.0,0.0,0.0,0.0,0.0,41.3000,0.0,0.0,0.0,0.0,37.0,0.0,0.0,0.0,0.0,0.0,0.0,0.0,0.0,0.0,0.0,0.0,0.0,0.0,0.0,0.0,0.0,0.0,0.0,0.0,0.0,0.0,0.0,0.0,0.0,0.0,11.05,9.16,0.0,0.0,0.0,0.0
18925.4084,50226.02,42688.12,155.820,0.0,22.25,1248.0,540.690,280.260,0.0,0.0,0.0,0.0,0.0,0.0,0.0,0.0,0.0,59.3500,62.1400,0.0,0.0,0.0,0.0,0.0,63.7600,0.0,0.0,0.0,0.0,0.0,0.0,0.0,0.0,0.0,0.0,0.0,0.0,0.0,0.0,0.0,0.0,0.0,0.0,0.0,0.0,0.0,0.0,0.0,0.0,0.0,0.0,0.0,0.0,0.0,0.0,0.0,0.0,0.0,0.0,0.0,0.0,0.0,0.0,0.0,0.0,0.0,0.0,0.0,0.0,0.0,48.4500
18938.1908,50231.02,42688.12,380.630,0.0,13.25,3095.58,395.010,314.990,112.790,0.0,0.0,0.0,0.0,0.0,0.0,14.6,0.0,23.0500,0.0,0.0,0.0,0.0,0.0,0.0,46.5600,0.0,0.0,31.84,0.0,0.0,0.0,0.0,0.0,0.0,0.0,39.7200,0.0,0.0,0.0,0.0,0.0,11.2,0.0,0.0,0.0,0.0,0.0,0.0,0.0,0.0,0.0,0.0,0.0,0.0,0.0,0.0,0.0,0.0,0.0,0.0,0.0,0.0,0.0,0.0,0.0,0.0,0.0,0.0,0.0,0.0,0.0
18949.908,50236.02,42688.12,281.280,0.0,26.5,2934.24,145.610,344.690,0.0,0.0,0.0,0.0,0.0,0.0,0.0,156.260,0.0,249.870,0.0,0.0,0.0,0.0,0.0,0.0,0.0,0.0,0.0,0.0,0.0,0.0,0.0,0.0,0.0,0.0,0.0,0.0,0.0,0.0,0.0,30.52,0.0,0.0,0.0,33.18,0.0,0.0,0.0,0.0,0.0,0.0,0.0,0.0,0.0,0.0,0.0,0.0,0.0,0.0,0.0,0.0,0.0,0.0,0.0,0.0,0.0,0.0,14.55,0.0,0.0,0.0,0.0
18962.6904,50241.02,42688.12,358.830,0.0,0.0,721.710,152.830,442.450,49.0500,0.0,0.0,0.0,12.9,0.0,0.0,0.0,30.25,98.5500,49.82,0.0,0.0,0.0,0.0,0.0,69.0500,0.0,17.52,24.7200,0.0,0.0,0.0,0.0,0.0,0.0,0.0,0.0,0.0,0.0,10.95,0.0,0.0,0.0,0.0,0.0,0.0,0.0,0.0,0.0,0.0,0.0,0.0,0.0,0.0,0.0,0.0,0.0,0.0,0.0,0.0,0.0,0.0,0.0,11.0,0.0,0.0,0.0,0.0,0.0,0.0,0.0,0.0
18975.4728,50246.02,42688.12,236.150,0.0,0.0,1939.0,95.5300,577.910,46.5500,0.0,0.0,0.0,0.0,0.0,0.0,0.0,0.0,21.75,149.180,0.0,0.0,0.0,0.0,0.0,66.9200,10.95,0.0,0.0,0.0,0.0,0.0,0.0,0.0,0.0,0.0,0.0,0.0,0.0,12.8,0.0,0.0,0.0,0.0,0.0,0.0,0.0,0.0,0.0,0.0,0.0,0.0,0.0,0.0,0.0,0.0,0.0,0.0,0.0,0.0,0.0,0.0,0.0,0.0,0.0,0.0,32.7600,0.0,0.0,0.0,17.15,0.0
18988.2552,50251.02,42688.12,441.100,0.0,0.0,1247.35,95.0,578.230,26.9200,40.8800,0.0,0.0,28.6800,0.0,0.0,17.16,0.0,34.8000,26.1,49.98,0.0,0.0,0.0,0.0,0.0,0.0,39.2000,23.3800,0.0,0.0,0.0,0.0,14.92,0.0,0.0,0.0,0.0,0.0,19.0,0.0,0.0,0.0,0.0,0.0,0.0,0.0,0.0,0.0,0.0,0.0,0.0,0.0,0.0,0.0,0.0,0.0,0.0,0.0,0.0,0.0,0.0,0.0,0.0,0.0,0.0,0.0,0.0,0.0,86.1000,0.0,0.0
18999.9724,50256.02,42688.12,347.090,0.0,0.0,1521.09,280.440,292.670,103.290,0.0,0.0,0.0,0.0,58.3500,0.0,0.0,0.0,11.45,0.0,0.0,0.0,0.0,0.0,14.35,15.85,0.0,0.0,0.0,0.0,0.0,0.0,0.0,0.0,0.0,0.0,33.48,0.0,0.0,0.0,0.0,85.2800,0.0,0.0,0.0,0.0,0.0,0.0,0.0,0.0,0.0,0.0,0.0,0.0,0.0,0.0,0.0,0.0,0.0,0.0,0.0,0.0,0.0,0.0,73.7100,0.0,0.0,0.0,0.0,0.0,0.0,0.0
19012.7548,50261.02,42688.12,576.210,0.0,0.0,3391.98,615.890,525.090,0.0,52.6500,0.0,0.0,0.0,0.0,0.0,90.3300,0.0,135.980,14.92,0.0,0.0,0.0,0.0,0.0,0.0,0.0,0.0,41.1000,0.0,0.0,123.900,0.0,0.0,0.0,61.0500,0.0,0.0,0.0,0.0,0.0,0.0,0.0,0.0,0.0,0.0,0.0,22.6,0.0,0.0,0.0,0.0,0.0,0.0,39.91,0.0,0.0,0.0,0.0,0.0,0.0,0.0,0.0,0.0,0.0,0.0,0.0,0.0,0.0,0.0,0.0,0.0
19025.5372,50266.02,42688.12,159.050,262.930,0.0,2232.81,210.240,380.680,18.2000,0.0,0.0,0.0,0.0,0.0,0.0,194.550,20.85,2040.06,52.7800,0.0,0.0,0.0,0.0,0.0,23.9600,31.2000,14.45,99.75,0.0,0.0,0.0,0.0,0.0,0.0,31.0500,0.0,0.0,0.0,0.0,0.0,0.0,0.0,0.0,0.0,0.0,0.0,22.6,0.0,0.0,0.0,0.0,0.0,0.0,0.0,0.0,0.0,0.0,0.0,0.0,0.0,0.0,0.0,0.0,0.0,0.0,0.0,0.0,0.0,0.0,0.0,0.0
19038.3196,50271.02,42688.12,732.620,292.75,0.0,2096.68,232.630,138.740,0.0,0.0,0.0,0.0,0.0,0.0,0.0,78.0800,33.3600,451.75,14.05,0.0,0.0,0.0,0.0,0.0,30.84,0.0,0.0,0.0,0.0,0.0,0.0,0.0,0.0,0.0,0.0,32.6000,0.0,0.0,0.0,100.520,0.0,0.0,19.7000,0.0,0.0,0.0,0.0,0.0,0.0,0.0,0.0,0.0,0.0,0.0,0.0,0.0,0.0,0.0,0.0,0.0,0.0,0.0,0.0,0.0,0.0,0.0,0.0,0.0,0.0,0.0,0.0
19050.0368,50276.02,42688.12,1912.02,1200.13,19.52,5806.76,736.760,937.010,193.760,17.5500,0.0,0.0,0.0,38.0,0.0,143.950,11.7,105.940,49.9700,0.0,0.0,0.0,0.0,0.0,9.12,0.0,0.0,99.3400,0.0,0.0,0.0,0.0,0.0,0.0,0.0,18.08,0.0,0.0,21.15,0.0,0.0,0.0,0.0,0.0,0.0,0.0,0.0,0.0,0.0,0.0,0.0,0.0,0.0,17.3600,0.0,0.0,0.0,0.0,0.0,0.0,0.0,0.0,0.0,0.0,0.0,0.0,0.0,0.0,0.0,0.0,0.0
19062.8192,50281.02,42688.12,433.480,62.5500,0.0,2571.54,146.400,556.140,0.0,0.0,0.0,0.0,0.0,12.6,0.0,18.2000,0.0,59.1500,26.16,0.0,0.0,0.0,0.0,0.0,32.5,0.0,0.0,93.3400,63.3000,0.0,0.0,0.0,0.0,0.0,0.0,0.0,0.0,9.95,0.0,0.0,0.0,0.0,0.0,0.0,0.0,0.0,0.0,0.0,0.0,0.0,0.0,0.0,0.0,0.0,0.0,0.0,0.0,0.0,0.0,0.0,0.0,0.0,0.0,0.0,61.2000,0.0,0.0,0.0,0.0,0.0,0.0
19075.6016,50286.02,42688.12,175.130,0.0,0.0,952.200,310.960,623.180,38.4000,0.0,0.0,0.0,0.0,0.0,0.0,20.8000,0.0,128.870,0.0,0.0,0.0,28.0,0.0,0.0,27.8800,0.0,0.0,0.0,0.0,0.0,0.0,0.0,0.0,0.0,0.0,0.0,25.5,0.0,0.0,0.0,73.5,0.0,0.0,0.0,0.0,0.0,0.0,0.0,0.0,0.0,0.0,0.0,0.0,0.0,0.0,0.0,0.0,0.0,0.0,0.0,0.0,0.0,0.0,0.0,0.0,118.020,0.0,0.0,0.0,0.0,0.0
19088.384,50291.02,42688.12,290.120,0.0,0.0,2098.35,385.930,463.360,36.7800,0.0,0.0,0.0,0.0,0.0,0.0,76.0100,0.0,19.25,34.4400,0.0,0.0,0.0,0.0,0.0,10.5600,0.0,0.0,86.4500,0.0,0.0,0.0,0.0,0.0,0.0,0.0,0.0,13.5,0.0,0.0,0.0,0.0,22.9500,0.0,0.0,0.0,0.0,0.0,0.0,0.0,0.0,0.0,0.0,0.0,0.0,0.0,0.0,0.0,0.0,0.0,0.0,0.0,0.0,0.0,0.0,0.0,0.0,0.0,0.0,0.0,0.0,0.0
19100.1012,50296.02,42688.12,822.700,43.3500,0.0,2585.58,623.910,254.610,0.0,24.7000,38.2200,0.0,0.0,0.0,0.0,91.4100,0.0,26.5,65.4500,0.0,0.0,0.0,0.0,0.0,0.0,0.0,30.6800,0.0,0.0,0.0,0.0,0.0,0.0,0.0,0.0,0.0,0.0,0.0,0.0,0.0,67.4700,13.88,0.0,0.0,0.0,0.0,0.0,0.0,0.0,0.0,0.0,0.0,0.0,0.0,0.0,0.0,0.0,0.0,0.0,0.0,0.0,0.0,0.0,0.0,0.0,0.0,0.0,0.0,0.0,0.0,0.0
19112.8836,50301.02,42688.12,32175.6,583.210,0.0,339275.0,20028.8,13651.9,311.840,27.6,0.0,0.0,0.0,0.0,0.0,81.7400,14.2800,301.610,73.6700,0.0,0.0,616.240,0.0,0.0,0.0,0.0,0.0,0.0,0.0,0.0,0.0,0.0,0.0,0.0,85.2000,0.0,0.0,0.0,22.6,0.0,0.0,0.0,0.0,0.0,0.0,17.5,0.0,0.0,0.0,0.0,0.0,0.0,0.0,0.0,0.0,0.0,0.0,0.0,0.0,0.0,0.0,0.0,0.0,0.0,0.0,0.0,0.0,39.4500,0.0,0.0,0.0
19125.666,50306.02,42688.12,168.520,17.25,0.0,3703.0,365.790,593.980,87.0,16.32,0.0,0.0,0.0,0.0,0.0,7.28,0.0,25.0600,0.0,0.0,0.0,11.48,0.0,0.0,72.8700,0.0,0.0,113.590,0.0,0.0,0.0,0.0,0.0,0.0,0.0,19.9,0.0,0.0,0.0,0.0,0.0,0.0,0.0,0.0,0.0,0.0,0.0,0.0,0.0,0.0,0.0,0.0,0.0,0.0,0.0,0.0,0.0,0.0,0.0,67.2000,0.0,0.0,0.0,0.0,0.0,0.0,0.0,73.5,0.0,0.0,0.0
19137.3832,50311.02,42688.12,142.450,84.9800,0.0,1805.69,232.310,525.850,101.850,176.370,0.0,0.0,0.0,0.0,0.0,87.4000,0.0,22.3600,56.3000,0.0,0.0,0.0,0.0,0.0,92.5500,0.0,0.0,16.5500,28.5500,0.0,0.0,0.0,0.0,0.0,0.0,0.0,0.0,0.0,0.0,0.0,0.0,0.0,0.0,0.0,0.0,0.0,0.0,0.0,0.0,0.0,0.0,0.0,0.0,0.0,0.0,0.0,0.0,0.0,0.0,0.0,0.0,0.0,0.0,0.0,0.0,0.0,0.0,0.0,0.0,0.0,0.0
19150.1656,50316.02,42688.12,600.810,15.35,0.0,1670.33,406.400,194.410,15.7200,0.0,0.0,0.0,0.0,0.0,0.0,31.27,0.0,0.0,39.5,0.0,0.0,0.0,0.0,0.0,7.0,0.0,87.6200,89.93,0.0,0.0,0.0,0.0,0.0,0.0,46.2000,0.0,0.0,0.0,11.7200,0.0,0.0,0.0,0.0,0.0,0.0,0.0,0.0,0.0,0.0,0.0,0.0,0.0,0.0,0.0,0.0,0.0,0.0,0.0,0.0,0.0,0.0,0.0,0.0,0.0,0.0,0.0,0.0,0.0,0.0,0.0,0.0
19162.948,50321.02,42688.12,224.140,0.0,0.0,1052.82,205.560,374.550,34.2000,0.0,0.0,0.0,0.0,0.0,0.0,59.91,0.0,82.2900,0.0,0.0,0.0,0.0,0.0,0.0,48.0600,0.0,0.0,18.6,0.0,0.0,0.0,0.0,0.0,0.0,0.0,0.0,0.0,0.0,0.0,0.0,0.0,0.0,0.0,0.0,0.0,0.0,0.0,0.0,0.0,15.7,0.0,0.0,0.0,0.0,0.0,0.0,0.0,0.0,0.0,0.0,0.0,0.0,0.0,0.0,42.3000,0.0,0.0,0.0,0.0,0.0,0.0
19175.7304,50326.02,42688.12,366.600,0.0,0.0,1380.47,261.990,865.230,0.0,25.8700,0.0,0.0,0.0,26.1,0.0,119.890,0.0,54.0100,26.52,0.0,0.0,0.0,0.0,0.0,0.0,0.0,0.0,0.0,0.0,0.0,0.0,0.0,0.0,0.0,9.48,86.6600,0.0,0.0,0.0,0.0,0.0,51.52,0.0,0.0,0.0,0.0,0.0,0.0,0.0,0.0,0.0,0.0,0.0,0.0,0.0,0.0,0.0,0.0,0.0,0.0,0.0,0.0,0.0,0.0,0.0,0.0,0.0,0.0,0.0,0.0,0.0
19187.4476,50331.02,42688.12,479.420,0.0,0.0,1274.40,426.300,599.880,23.35,48.6000,0.0,0.0,8.6,52.2000,0.0,0.0,0.0,106.580,60.9700,0.0,0.0,0.0,0.0,0.0,0.0,0.0,0.0,0.0,0.0,0.0,0.0,0.0,0.0,0.0,0.0,14.95,0.0,0.0,0.0,27.2000,0.0,0.0,0.0,0.0,0.0,0.0,0.0,0.0,0.0,0.0,0.0,0.0,0.0,0.0,0.0,0.0,0.0,0.0,0.0,0.0,0.0,0.0,0.0,0.0,30.3000,0.0,0.0,0.0,0.0,0.0,0.0
19200.23,50336.02,42688.12,22.33,92.1000,0.0,2290.86,77.0300,401.440,48.23,80.5800,0.0,0.0,0.0,0.0,0.0,101.560,0.0,101.610,0.0,0.0,0.0,0.0,0.0,0.0,57.3000,0.0,15.48,0.0,0.0,0.0,0.0,0.0,0.0,0.0,0.0,11.5600,0.0,0.0,0.0,0.0,0.0,0.0,0.0,0.0,0.0,0.0,0.0,0.0,0.0,0.0,0.0,16.6,0.0,0.0,0.0,35.4400,0.0,0.0,0.0,0.0,0.0,0.0,0.0,0.0,0.0,0.0,0.0,0.0,0.0,0.0,0.0
19213.0124,50341.02,42688.12,184.25,0.0,0.0,2992.72,266.850,601.060,45.5800,0.0,0.0,0.0,0.0,0.0,0.0,196.390,80.8500,104.400,159.320,0.0,0.0,0.0,0.0,0.0,0.0,0.0,0.0,0.0,0.0,0.0,0.0,0.0,0.0,0.0,0.0,0.0,0.0,0.0,0.0,0.0,0.0,81.68,0.0,0.0,0.0,0.0,0.0,0.0,0.0,0.0,0.0,0.0,0.0,0.0,0.0,0.0,0.0,0.0,0.0,0.0,51.3500,0.0,0.0,0.0,0.0,0.0,0.0,0.0,0.0,0.0,0.0
19225.7948,50346.02,42688.12,507.530,0.0,0.0,2141.43,130.970,215.950,171.820,0.0,0.0,0.0,0.0,0.0,0.0,42.1500,0.0,29.4400,29.3000,0.0,0.0,0.0,0.0,0.0,8.6,0.0,0.0,0.0,29.2000,0.0,0.0,0.0,0.0,0.0,0.0,0.0,0.0,0.0,22.25,0.0,0.0,0.0,0.0,0.0,0.0,0.0,0.0,0.0,0.0,0.0,0.0,0.0,0.0,0.0,0.0,0.0,0.0,0.0,0.0,0.0,0.0,0.0,0.0,0.0,0.0,0.0,0.0,0.0,0.0,0.0,0.0
19237.512,50351.02,42688.12,338.830,10.4,0.0,1160.14,122.200,108.460,112.560,0.0,0.0,0.0,0.0,0.0,0.0,56.8500,31.33,54.3000,44.9200,0.0,0.0,0.0,0.0,0.0,34.8800,0.0,0.0,62.9000,0.0,0.0,0.0,0.0,0.0,0.0,0.0,0.0,0.0,0.0,0.0,8.76,0.0,0.0,0.0,0.0,0.0,0.0,0.0,0.0,0.0,0.0,0.0,0.0,0.0,9.84,0.0,0.0,0.0,0.0,0.0,0.0,18.92,0.0,0.0,0.0,0.0,0.0,0.0,0.0,0.0,0.0,0.0
19250.2944,50356.02,42688.12,266.530,0.0,0.0,1328.81,103.390,450.470,130.75,0.0,0.0,0.0,0.0,0.0,0.0,62.9000,0.0,47.9000,16.1,0.0,0.0,10.16,0.0,0.0,162.800,0.0,0.0,28.8000,0.0,0.0,0.0,0.0,0.0,0.0,0.0,0.0,0.0,0.0,0.0,0.0,0.0,0.0,0.0,0.0,0.0,0.0,0.0,0.0,0.0,8.28000,0.0,0.0,0.0,0.0,0.0,0.0,0.0,0.0,0.0,0.0,0.0,0.0,0.0,0.0,0.0,0.0,0.0,0.0,0.0,0.0,0.0
19263.0768,50361.02,42688.12,110.390,73.9200,0.0,1634.39,463.650,529.420,28.2000,0.0,0.0,0.0,0.0,0.0,0.0,42.6200,83.75,7.9,27.5400,0.0,0.0,26.1,0.0,0.0,10.0,0.0,0.0,43.8000,0.0,0.0,0.0,0.0,0.0,0.0,0.0,73.2200,0.0,0.0,0.0,0.0,0.0,0.0,0.0,0.0,99.1500,0.0,0.0,0.0,0.0,0.0,0.0,0.0,0.0,0.0,0.0,0.0,0.0,0.0,0.0,0.0,0.0,0.0,0.0,0.0,0.0,0.0,0.0,0.0,0.0,0.0,0.0
19275.8592,50366.02,42688.12,288.580,67.0600,0.0,2702.81,73.9500,397.100,57.07,0.0,0.0,0.0,0.0,0.0,0.0,151.240,0.0,0.0,65.8000,0.0,0.0,41.7600,0.0,0.0,0.0,0.0,0.0,26.4400,0.0,0.0,0.0,0.0,0.0,0.0,0.0,116.25,0.0,0.0,0.0,34.16,0.0,0.0,0.0,0.0,0.0,0.0,0.0,0.0,0.0,0.0,0.0,0.0,0.0,0.0,0.0,0.0,0.0,0.0,0.0,0.0,0.0,0.0,0.0,61.23,0.0,0.0,0.0,0.0,32.8000,0.0,0.0
19287.5764,50371.02,42688.12,920.350,37.9400,0.0,1790.30,141.280,171.360,26.77,0.0,0.0,0.0,0.0,0.0,0.0,42.3500,0.0,17.6,9.88,0.0,0.0,0.0,0.0,0.0,97.5400,0.0,0.0,95.6000,0.0,0.0,36.4000,0.0,0.0,0.0,0.0,0.0,0.0,0.0,19.6400,0.0,0.0,0.0,0.0,0.0,0.0,0.0,0.0,0.0,0.0,0.0,11.32,0.0,0.0,0.0,0.0,0.0,0.0,0.0,0.0,0.0,0.0,0.0,80.0800,0.0,0.0,0.0,0.0,0.0,0.0,0.0,0.0
19300.3588,50376.02,42688.12,175.600,98.0200,0.0,1229.55,477.020,489.530,99.9000,0.0,0.0,0.0,0.0,0.0,0.0,35.25,0.0,69.2600,57.0500,0.0,0.0,0.0,0.0,0.0,24.5500,0.0,0.0,37.8000,0.0,0.0,0.0,0.0,0.0,0.0,0.0,0.0,0.0,0.0,0.0,0.0,0.0,48.75,0.0,0.0,0.0,0.0,0.0,0.0,0.0,0.0,0.0,0.0,0.0,0.0,0.0,0.0,0.0,0.0,0.0,0.0,0.0,0.0,0.0,0.0,10.55,0.0,0.0,0.0,0.0,0.0,0.0
19313.1412,50381.02,42688.12,271.350,0.0,0.0,2263.96,185.420,342.800,0.0,0.0,0.0,0.0,0.0,55.3800,0.0,144.25,0.0,7.0,53.9000,0.0,31.8800,0.0,0.0,0.0,0.0,0.0,0.0,0.0,0.0,0.0,20.1,0.0,0.0,0.0,0.0,0.0,0.0,0.0,0.0,109.5,17.7200,14.4,0.0,0.0,0.0,0.0,0.0,0.0,13.7200,0.0,0.0,0.0,0.0,0.0,0.0,0.0,0.0,0.0,0.0,0.0,0.0,0.0,0.0,0.0,0.0,0.0,0.0,0.0,0.0,0.0,0.0
19325.9236,50386.02,42688.12,376.010,0.0,0.0,2571.89,304.050,526.540,0.0,0.0,0.0,0.0,0.0,0.0,0.0,62.3600,0.0,14.25,80.2200,0.0,9.44000,0.0,0.0,0.0,0.0,0.0,0.0,0.0,0.0,0.0,0.0,0.0,0.0,0.0,0.0,0.0,0.0,0.0,0.0,23.8000,0.0,11.52,0.0,0.0,0.0,0.0,0.0,0.0,0.0,0.0,0.0,0.0,0.0,0.0,0.0,0.0,0.0,0.0,0.0,0.0,0.0,0.0,0.0,0.0,0.0,0.0,0.0,0.0,0.0,0.0,0.0
19337.6408,50391.02,42688.12,147.430,87.0,0.0,1399.13,95.5200,514.290,18.2000,17.52,0.0,0.0,12.24,9.32,0.0,64.7800,0.0,56.6400,97.8600,0.0,0.0,0.0,0.0,0.0,9.24,0.0,0.0,0.0,0.0,0.0,0.0,0.0,0.0,0.0,0.0,25.59,0.0,56.68,0.0,0.0,0.0,0.0,0.0,0.0,0.0,0.0,0.0,0.0,0.0,0.0,0.0,0.0,0.0,0.0,0.0,0.0,0.0,0.0,0.0,0.0,0.0,0.0,0.0,0.0,0.0,26.0,0.0,0.0,0.0,0.0,8.0
19350.4232,50396.02,42688.12,337.190,16.32,0.0,1180.41,325.110,550.960,15.3,54.4000,0.0,0.0,0.0,23.3000,0.0,29.9500,0.0,118.82,61.6000,0.0,0.0,0.0,0.0,0.0,13.7,0.0,0.0,0.0,0.0,0.0,0.0,0.0,0.0,0.0,0.0,15.8400,0.0,0.0,0.0,0.0,0.0,0.0,0.0,0.0,0.0,17.75,0.0,0.0,0.0,0.0,0.0,0.0,0.0,0.0,0.0,0.0,0.0,0.0,0.0,0.0,0.0,0.0,0.0,0.0,0.0,0.0,0.0,0.0,0.0,0.0,20.0
19363.2056,50401.02,42688.12,62.8500,0.0,0.0,944.860,137.240,569.850,35.2000,57.16,0.0,0.0,0.0,0.0,0.0,212.860,57.4000,117.420,54.3000,0.0,0.0,0.0,0.0,0.0,112.5,0.0,0.0,0.0,0.0,0.0,0.0,0.0,0.0,0.0,0.0,0.0,0.0,0.0,19.5500,0.0,0.0,48.0,0.0,0.0,0.0,28.4,0.0,0.0,0.0,0.0,0.0,0.0,0.0,0.0,0.0,0.0,0.0,0.0,0.0,0.0,0.0,0.0,0.0,23.6,0.0,0.0,0.0,0.0,0.0,0.0,0.0
19375.988,50406.02,42688.12,0.0,0.0,0.0,2300.20,0.0,501.400,120.0,0.0,0.0,0.0,0.0,0.0,0.0,763.200,0.0,144.0,0.0,0.0,0.0,0.0,0.0,0.0,191.200,0.0,0.0,42.2000,0.0,0.0,0.0,0.0,0.0,0.0,0.0,0.0,0.0,0.0,0.0,0.0,46.0,0.0,0.0,0.0,0.0,0.0,0.0,0.0,0.0,0.0,0.0,0.0,0.0,0.0,0.0,0.0,0.0,0.0,0.0,0.0,0.0,0.0,0.0,0.0,0.0,0.0,0.0,0.0,0.0,0.0,0.0
