Timestamp:,2022-01-31T13:32:55.311081
 Laser line number: ,3 
 Laser line name:, STATION2CREP_3 
 Laser image name:, STATION2CREP 
 Starting X:, 72366.42 
 Starting Y:,77176.0 
 Starting Z:, 32127.2 
 Spot size:, 5.0 
 Spot spacing:, 1.0 
 Number of shots:, 2514 
 Direction of ablation:, 0,Left to Right 
 Cycle time (ms),x [um],y [um],23Na cps,24Mg cps,27Al cps,28Si cps,29Si cps,30Si cps,31P cps,32S cps,39K cps,40Ca cps,45Sc cps,48Ti cps,51V cps,52Cr cps,55Mn cps,56Fe cps,58Ni cps,59Co cps,63Cu cps,64Zn cps,69Ga cps,72Ge cps,75As cps,80Se cps,85Rb cps,88Sr cps,89Y cps,90Zr cps,93Nb cps,95Mo cps,101Ru cps,103Rh cps,105Pd cps,107Ag cps,111Cd cps,115In cps,120Sn cps,123Sb cps,124Te cps,133Cs cps,138Ba cps,139La cps,140Ce cps,141Pr cps,146Nd cps,149Sm cps,153Eu cps,157Gd cps,159Tb cps,163Dy cps,165Ho cps,166Er cps,169Tm cps,172Yb cps,175Lu cps,178Hf cps,181Ta cps,182W cps,185Re cps,189Os cps,193Ir cps,195Pt cps,197Au cps,202Hg cps,205Tl cps,208Pb cps,209Bi cps,232Th cps,238U cps
20499.774,72366.42,77176.0,3548.01,11.7,0.0,24672.2,467.720,950.590,127.920,0.0,0.0,0.0,0.0,0.0,0.0,523699.0,0.0,485.730,16.5500,0.0,0.0,0.0,0.0,0.0,9.25,0.0,20.6400,134.850,0.0,0.0,0.0,0.0,0.0,0.0,0.0,81.3400,0.0,0.0,0.0,65.2200,0.0,82.0400,0.0,0.0,0.0,0.0,0.0,0.0,0.0,0.0,0.0,11.48,0.0,0.0,0.0,0.0,0.0,0.0,0.0,0.0,0.0,0.0,0.0,0.0,0.0,0.0,0.0,0.0,0.0,0.0,0.0
20511.4912,72371.42,77176.0,5775.95,0.0,128.050,29841.2,981.300,607.170,0.0,0.0,0.0,0.0,0.0,0.0,0.0,751214.0,11.2,454.710,47.18,0.0,0.0,0.0,0.0,0.0,44.9700,0.0,0.0,0.0,0.0,0.0,0.0,0.0,0.0,0.0,0.0,0.0,0.0,0.0,9.9,31.6,0.0,0.0,0.0,0.0,0.0,0.0,0.0,0.0,0.0,0.0,0.0,0.0,0.0,0.0,0.0,0.0,0.0,0.0,0.0,0.0,0.0,0.0,0.0,0.0,0.0,0.0,0.0,0.0,0.0,0.0,0.0
20524.2736,72376.42,77176.0,3670.75,0.0,39.1200,21504.2,612.320,619.120,0.0,0.0,0.0,0.0,0.0,0.0,140.910,525585.0,0.0,374.820,47.0400,0.0,0.0,38.48,0.0,0.0,62.3000,0.0,0.0,0.0,0.0,0.0,0.0,0.0,0.0,20.0400,0.0,0.0,0.0,0.0,0.0,10.12,0.0,0.0,10.5600,0.0,0.0,0.0,0.0,0.0,0.0,0.0,0.0,0.0,0.0,0.0,0.0,0.0,0.0,0.0,0.0,0.0,0.0,0.0,0.0,0.0,0.0,0.0,0.0,0.0,0.0,0.0,0.0
20537.056,72381.42,77176.0,2794.88,0.0,0.0,21587.6,657.090,499.410,10.5,0.0,0.0,0.0,0.0,0.0,75.25,515219.0,0.0,883.410,54.9900,0.0,0.0,0.0,0.0,0.0,0.0,0.0,0.0,54.6000,0.0,0.0,0.0,0.0,0.0,0.0,0.0,0.0,0.0,0.0,35.1000,85.9500,0.0,0.0,0.0,0.0,0.0,0.0,0.0,0.0,0.0,0.0,0.0,0.0,0.0,0.0,0.0,0.0,0.0,0.0,0.0,0.0,0.0,0.0,0.0,0.0,0.0,0.0,0.0,0.0,0.0,0.0,0.0
20549.8384,72386.42,77176.0,3623.62,123.080,94.3600,23965.4,603.330,774.930,40.4400,0.0,0.0,0.0,18.84,0.0,62.0100,595085.0,0.0,553.080,0.0,0.0,0.0,0.0,0.0,0.0,0.0,0.0,13.0400,0.0,0.0,0.0,0.0,0.0,0.0,0.0,0.0,37.4400,0.0,0.0,0.0,0.0,0.0,0.0,0.0,0.0,0.0,0.0,0.0,0.0,0.0,0.0,0.0,0.0,0.0,0.0,0.0,0.0,0.0,0.0,0.0,0.0,0.0,0.0,0.0,0.0,0.0,0.0,0.0,0.0,0.0,0.0,0.0
20561.5556,72391.42,77176.0,4846.07,50.1200,43.6000,22303.7,479.420,378.140,38.3500,0.0,0.0,0.0,0.0,0.0,44.4400,545229.0,22.0,399.970,0.0,0.0,0.0,0.0,0.0,0.0,0.0,0.0,0.0,0.0,0.0,0.0,0.0,0.0,0.0,0.0,0.0,0.0,0.0,0.0,0.0,18.8000,0.0,0.0,0.0,0.0,0.0,0.0,0.0,0.0,0.0,0.0,0.0,0.0,0.0,0.0,0.0,0.0,0.0,0.0,0.0,14.6,0.0,0.0,0.0,0.0,0.0,0.0,0.0,22.25,0.0,0.0,0.0
20574.338,72396.42,77176.0,1490.95,58.0500,10.0,11472.2,483.870,407.170,0.0,0.0,0.0,0.0,0.0,0.0,15.4,259218.0,0.0,130.320,20.5500,0.0,0.0,0.0,0.0,10.96,0.0,0.0,0.0,0.0,0.0,0.0,0.0,0.0,0.0,0.0,0.0,11.4,0.0,0.0,0.0,0.0,0.0,0.0,0.0,0.0,0.0,0.0,0.0,0.0,0.0,0.0,0.0,0.0,0.0,0.0,0.0,0.0,0.0,0.0,0.0,29.2000,0.0,0.0,0.0,0.0,20.08,0.0,0.0,44.5,0.0,0.0,0.0
20587.1204,72401.42,77176.0,665.720,0.0,0.0,8286.19,265.120,370.110,101.190,0.0,0.0,0.0,0.0,0.0,0.0,114229.0,0.0,194.100,0.0,0.0,0.0,0.0,0.0,0.0,30.15,0.0,11.45,29.52,0.0,0.0,0.0,0.0,0.0,0.0,0.0,0.0,11.75,0.0,0.0,0.0,0.0,34.16,0.0,0.0,0.0,0.0,0.0,0.0,0.0,0.0,0.0,0.0,0.0,0.0,0.0,0.0,0.0,0.0,0.0,0.0,0.0,0.0,0.0,0.0,0.0,84.9800,0.0,0.0,0.0,0.0,0.0
20599.9028,72406.42,77176.0,474.680,25.25,0.0,4999.15,247.350,282.190,90.1000,0.0,0.0,0.0,0.0,0.0,0.0,55140.6,0.0,60.98,0.0,0.0,0.0,0.0,0.0,0.0,0.0,0.0,8.88,0.0,0.0,0.0,0.0,0.0,0.0,0.0,0.0,53.43,0.0,0.0,0.0,0.0,0.0,0.0,0.0,0.0,0.0,0.0,0.0,0.0,0.0,0.0,0.0,0.0,0.0,0.0,0.0,0.0,0.0,0.0,0.0,0.0,0.0,0.0,0.0,0.0,0.0,0.0,0.0,0.0,0.0,0.0,0.0
20611.62,72411.42,77176.0,96.8300,0.0,0.0,3560.38,175.330,851.530,213.180,35.1000,0.0,0.0,29.15,0.0,0.0,28560.1,0.0,0.0,163.300,0.0,0.0,0.0,0.0,0.0,37.25,0.0,0.0,0.0,0.0,0.0,0.0,0.0,0.0,0.0,0.0,13.7,0.0,0.0,0.0,29.5,0.0,0.0,0.0,0.0,0.0,0.0,0.0,0.0,0.0,0.0,0.0,0.0,0.0,0.0,0.0,0.0,0.0,0.0,0.0,0.0,0.0,0.0,0.0,0.0,0.0,0.0,0.0,0.0,0.0,0.0,0.0
20624.4024,72416.42,77176.0,374.700,0.0,0.0,3559.23,222.240,249.490,0.0,0.0,0.0,0.0,0.0,0.0,0.0,12169.2,0.0,51.4600,30.15,0.0,0.0,15.75,0.0,0.0,41.1000,0.0,0.0,0.0,0.0,0.0,0.0,0.0,0.0,0.0,0.0,0.0,0.0,0.0,0.0,22.15,0.0,23.4500,0.0,0.0,0.0,0.0,0.0,0.0,0.0,0.0,0.0,0.0,0.0,0.0,0.0,0.0,0.0,0.0,0.0,0.0,0.0,0.0,0.0,0.0,0.0,0.0,0.0,0.0,0.0,0.0,0.0
20637.1848,72421.42,77176.0,556.030,34.4000,0.0,11142.0,643.720,265.050,0.0,0.0,0.0,0.0,0.0,0.0,0.0,3857.65,0.0,199.540,0.0,0.0,0.0,16.8000,0.0,0.0,0.0,0.0,0.0,0.0,0.0,0.0,0.0,0.0,0.0,0.0,8.04,16.2800,0.0,0.0,0.0,0.0,0.0,0.0,29.3600,0.0,0.0,0.0,0.0,0.0,0.0,0.0,0.0,0.0,0.0,0.0,0.0,0.0,0.0,0.0,0.0,0.0,0.0,0.0,0.0,0.0,0.0,0.0,0.0,0.0,0.0,51.1500,0.0
20649.9672,72426.42,77176.0,399.670,0.0,0.0,3936.47,151.490,317.520,0.0,0.0,0.0,0.0,43.1200,0.0,0.0,1321.81,0.0,55.4000,52.3500,0.0,0.0,0.0,0.0,0.0,15.55,0.0,0.0,12.25,0.0,0.0,0.0,0.0,0.0,0.0,0.0,14.05,0.0,0.0,0.0,87.7800,0.0,16.15,0.0,0.0,0.0,0.0,0.0,0.0,0.0,0.0,0.0,0.0,0.0,0.0,0.0,0.0,0.0,0.0,0.0,0.0,0.0,0.0,0.0,0.0,0.0,0.0,0.0,0.0,0.0,0.0,0.0
20661.6844,72431.42,77176.0,350.850,0.0,0.0,2479.67,545.660,183.070,48.1500,0.0,0.0,0.0,0.0,0.0,0.0,424.350,0.0,45.6500,0.0,0.0,0.0,0.0,0.0,0.0,0.0,0.0,17.3000,46.5400,0.0,0.0,0.0,0.0,0.0,0.0,16.8800,0.0,0.0,0.0,21.3000,13.3600,0.0,32.3000,0.0,0.0,0.0,0.0,0.0,0.0,0.0,0.0,0.0,0.0,0.0,0.0,0.0,0.0,0.0,0.0,0.0,0.0,0.0,0.0,0.0,0.0,0.0,0.0,0.0,0.0,0.0,0.0,0.0
20674.4668,72436.42,77176.0,195.300,0.0,0.0,3378.86,100.920,290.970,57.0600,0.0,0.0,0.0,0.0,0.0,0.0,94.8300,0.0,0.0,0.0,0.0,0.0,0.0,0.0,0.0,11.5600,0.0,0.0,0.0,0.0,0.0,0.0,0.0,0.0,0.0,0.0,16.7200,0.0,0.0,0.0,33.4000,0.0,0.0,0.0,0.0,0.0,0.0,0.0,0.0,22.4400,0.0,0.0,0.0,0.0,0.0,0.0,0.0,0.0,0.0,0.0,0.0,0.0,0.0,0.0,0.0,0.0,0.0,0.0,0.0,0.0,0.0,0.0
20687.2492,72441.42,77176.0,115.100,0.0,0.0,2503.19,149.930,158.680,0.0,0.0,0.0,0.0,0.0,0.0,0.0,0.0,0.0,8.92,65.4100,0.0,0.0,0.0,0.0,0.0,15.6,0.0,0.0,0.0,0.0,0.0,0.0,0.0,0.0,0.0,0.0,0.0,0.0,0.0,19.3000,0.0,0.0,0.0,0.0,0.0,0.0,0.0,0.0,0.0,0.0,0.0,0.0,0.0,0.0,0.0,0.0,0.0,0.0,0.0,0.0,0.0,0.0,0.0,0.0,0.0,0.0,0.0,0.0,0.0,0.0,0.0,0.0
20700.0316,72446.42,77176.0,293.160,0.0,0.0,3782.74,208.580,327.020,0.0,0.0,0.0,0.0,0.0,0.0,0.0,91.07,0.0,38.25,56.5300,0.0,0.0,0.0,0.0,0.0,0.0,0.0,0.0,0.0,0.0,0.0,0.0,0.0,0.0,0.0,0.0,0.0,0.0,0.0,0.0,0.0,0.0,0.0,15.0,0.0,0.0,0.0,0.0,0.0,0.0,0.0,0.0,0.0,0.0,0.0,0.0,0.0,0.0,0.0,0.0,0.0,0.0,0.0,0.0,0.0,0.0,0.0,0.0,0.0,0.0,0.0,0.0
20711.7488,72451.42,77176.0,433.790,0.0,0.0,3417.08,208.880,174.300,32.0500,0.0,0.0,0.0,0.0,0.0,0.0,48.6200,0.0,16.24,196.280,0.0,0.0,0.0,0.0,0.0,36.27,0.0,56.1400,0.0,0.0,0.0,0.0,0.0,0.0,0.0,0.0,0.0,0.0,0.0,0.0,0.0,0.0,0.0,30.0,0.0,0.0,0.0,0.0,0.0,0.0,0.0,0.0,0.0,0.0,0.0,0.0,0.0,0.0,0.0,0.0,0.0,0.0,0.0,0.0,0.0,0.0,0.0,0.0,0.0,0.0,0.0,0.0
20724.5312,72456.42,77176.0,201.510,0.0,0.0,2339.31,114.57,349.890,176.550,0.0,0.0,0.0,0.0,0.0,0.0,166.160,12.68,107.030,11.95,0.0,0.0,0.0,0.0,0.0,15.25,0.0,0.0,0.0,0.0,0.0,0.0,0.0,0.0,0.0,0.0,10.4,0.0,0.0,0.0,0.0,0.0,56.4200,0.0,0.0,0.0,0.0,0.0,0.0,0.0,0.0,0.0,0.0,0.0,0.0,0.0,0.0,0.0,0.0,0.0,0.0,0.0,0.0,0.0,0.0,0.0,0.0,0.0,0.0,0.0,0.0,0.0
20737.3136,72461.42,77176.0,255.890,0.0,0.0,2704.61,271.950,211.380,0.0,0.0,0.0,0.0,0.0,0.0,0.0,29.4,0.0,52.0,9.84,0.0,0.0,0.0,0.0,0.0,84.5900,0.0,0.0,0.0,0.0,0.0,0.0,0.0,0.0,0.0,0.0,25.8000,0.0,0.0,0.0,0.0,0.0,0.0,0.0,0.0,0.0,0.0,0.0,0.0,0.0,0.0,0.0,0.0,0.0,0.0,0.0,0.0,0.0,0.0,0.0,0.0,0.0,0.0,0.0,0.0,0.0,0.0,0.0,0.0,0.0,0.0,0.0
20750.096,72466.42,77176.0,206.580,0.0,0.0,2355.60,112.75,302.580,143.590,0.0,0.0,0.0,0.0,0.0,0.0,0.0,0.0,19.15,29.3200,0.0,0.0,14.1600,0.0,0.0,0.0,0.0,0.0,0.0,0.0,0.0,0.0,0.0,0.0,0.0,0.0,0.0,0.0,0.0,15.35,0.0,69.4200,0.0,0.0,0.0,0.0,0.0,0.0,0.0,0.0,0.0,0.0,0.0,0.0,0.0,0.0,0.0,0.0,0.0,0.0,0.0,0.0,0.0,0.0,0.0,0.0,0.0,0.0,0.0,0.0,0.0,0.0
20761.8132,72471.42,77176.0,163.570,0.0,0.0,1766.05,211.340,101.660,35.2200,0.0,0.0,0.0,0.0,0.0,0.0,65.82,0.0,130.410,0.0,0.0,0.0,14.45,0.0,0.0,177.580,0.0,0.0,0.0,0.0,0.0,0.0,0.0,0.0,0.0,0.0,38.4000,0.0,0.0,32.1100,0.0,0.0,15.0,0.0,0.0,0.0,0.0,0.0,0.0,0.0,0.0,0.0,0.0,0.0,0.0,0.0,0.0,0.0,0.0,0.0,0.0,0.0,0.0,0.0,0.0,10.4400,0.0,0.0,0.0,0.0,0.0,0.0
20774.5956,72476.42,77176.0,53.77,0.0,0.0,2850.36,196.400,240.870,68.3800,48.1500,0.0,0.0,0.0,0.0,0.0,28.3000,0.0,44.8500,0.0,0.0,0.0,0.0,0.0,0.0,42.9000,0.0,0.0,183.440,0.0,0.0,0.0,0.0,0.0,0.0,0.0,16.0500,0.0,42.6000,0.0,0.0,16.75,0.0,0.0,0.0,0.0,0.0,0.0,0.0,0.0,0.0,0.0,0.0,0.0,0.0,0.0,12.65,0.0,0.0,0.0,0.0,0.0,0.0,0.0,0.0,0.0,0.0,0.0,0.0,0.0,0.0,0.0
20787.378,72481.42,77176.0,228.850,0.0,0.0,1828.67,188.870,264.470,33.1500,31.9,0.0,0.0,0.0,0.0,0.0,90.4500,0.0,153.100,0.0,0.0,0.0,0.0,0.0,0.0,16.2000,0.0,31.2000,48.0,0.0,0.0,0.0,0.0,0.0,0.0,0.0,24.6100,14.1600,0.0,0.0,0.0,0.0,0.0,0.0,0.0,0.0,0.0,0.0,0.0,0.0,0.0,0.0,0.0,0.0,0.0,0.0,12.65,0.0,0.0,0.0,0.0,0.0,0.0,0.0,0.0,0.0,10.35,0.0,0.0,0.0,0.0,0.0
20800.1604,72486.42,77176.0,150.0,0.0,0.0,3089.10,327.920,293.410,0.0,0.0,0.0,0.0,0.0,0.0,0.0,82.5800,0.0,117.420,34.16,0.0,0.0,0.0,0.0,0.0,45.2800,0.0,0.0,0.0,0.0,0.0,0.0,0.0,0.0,0.0,0.0,0.0,0.0,0.0,0.0,0.0,0.0,27.85,0.0,0.0,0.0,0.0,0.0,0.0,0.0,0.0,0.0,0.0,0.0,0.0,43.16,0.0,0.0,0.0,0.0,0.0,0.0,0.0,0.0,0.0,0.0,16.5600,0.0,0.0,0.0,0.0,0.0
20811.8776,72491.42,77176.0,477.990,0.0,0.0,2692.54,246.830,495.410,0.0,0.0,0.0,0.0,0.0,0.0,0.0,0.0,9.68,0.0,17.3000,52.52,0.0,0.0,0.0,0.0,0.0,0.0,0.0,10.35,0.0,0.0,0.0,0.0,0.0,0.0,0.0,0.0,0.0,0.0,0.0,0.0,0.0,0.0,0.0,0.0,0.0,0.0,0.0,0.0,0.0,22.92,0.0,0.0,0.0,73.4500,0.0,0.0,0.0,0.0,0.0,0.0,0.0,0.0,0.0,0.0,0.0,0.0,0.0,0.0,0.0,0.0,0.0
20824.66,72496.42,77176.0,240.340,0.0,0.0,3064.57,253.730,365.0,0.0,0.0,0.0,0.0,0.0,0.0,0.0,52.1900,24.2000,53.4500,62.1400,0.0,0.0,0.0,0.0,0.0,0.0,0.0,14.95,34.6000,0.0,0.0,0.0,0.0,0.0,0.0,0.0,0.0,0.0,0.0,0.0,0.0,0.0,0.0,0.0,0.0,0.0,0.0,0.0,0.0,0.0,0.0,0.0,0.0,0.0,0.0,0.0,0.0,0.0,0.0,0.0,0.0,0.0,37.2000,0.0,0.0,0.0,0.0,0.0,0.0,0.0,33.4000,37.32
20837.4424,72501.42,77176.0,124.860,0.0,0.0,2346.67,264.410,316.010,60.07,0.0,0.0,0.0,0.0,0.0,0.0,0.0,0.0,89.0,0.0,0.0,0.0,0.0,0.0,0.0,0.0,0.0,0.0,109.210,0.0,0.0,0.0,0.0,0.0,0.0,0.0,0.0,0.0,0.0,0.0,0.0,0.0,0.0,0.0,0.0,0.0,0.0,0.0,0.0,0.0,0.0,0.0,66.5,0.0,0.0,0.0,0.0,0.0,0.0,0.0,0.0,0.0,0.0,0.0,0.0,0.0,0.0,14.35,0.0,0.0,0.0,0.0
20850.2248,72506.42,77176.0,387.180,0.0,0.0,2048.40,304.540,317.890,18.92,0.0,0.0,0.0,0.0,0.0,0.0,61.0400,0.0,84.1200,13.8400,0.0,0.0,0.0,0.0,0.0,0.0,0.0,0.0,0.0,0.0,0.0,0.0,0.0,33.18,0.0,11.92,0.0,0.0,12.8400,0.0,14.6,0.0,0.0,0.0,0.0,0.0,0.0,0.0,0.0,0.0,0.0,0.0,0.0,0.0,0.0,36.1200,0.0,0.0,0.0,0.0,0.0,0.0,0.0,0.0,0.0,0.0,0.0,9.72000,0.0,0.0,0.0,0.0
20861.942,72511.42,77176.0,84.3600,0.0,0.0,1869.78,560.580,172.850,97.6900,0.0,0.0,0.0,9.08,0.0,0.0,19.16,0.0,116.860,58.0800,82.9400,0.0,0.0,0.0,0.0,182.670,0.0,9.6,0.0,13.75,0.0,0.0,0.0,0.0,0.0,0.0,48.3600,0.0,0.0,0.0,22.8000,0.0,0.0,0.0,0.0,0.0,0.0,0.0,0.0,0.0,0.0,0.0,0.0,0.0,0.0,0.0,0.0,0.0,0.0,0.0,0.0,0.0,0.0,0.0,0.0,0.0,0.0,0.0,0.0,0.0,0.0,0.0
20874.7244,72516.42,77176.0,197.140,0.0,0.0,2398.85,338.130,440.230,0.0,0.0,0.0,0.0,0.0,0.0,0.0,47.9000,0.0,74.7000,0.0,0.0,0.0,0.0,0.0,0.0,0.0,0.0,24.0,141.0,0.0,0.0,0.0,0.0,0.0,0.0,0.0,17.3000,0.0,0.0,0.0,0.0,0.0,0.0,45.1000,0.0,0.0,0.0,0.0,0.0,0.0,0.0,0.0,0.0,0.0,37.0500,0.0,0.0,0.0,0.0,0.0,0.0,0.0,0.0,0.0,0.0,0.0,0.0,0.0,0.0,0.0,0.0,0.0
20887.5068,72521.42,77176.0,58.52,0.0,0.0,2228.52,170.460,489.540,101.920,0.0,0.0,0.0,0.0,0.0,0.0,19.32,13.0400,55.9600,0.0,0.0,0.0,0.0,0.0,0.0,0.0,0.0,0.0,22.1200,0.0,0.0,0.0,0.0,0.0,0.0,17.84,0.0,0.0,0.0,0.0,0.0,0.0,12.8,0.0,0.0,0.0,0.0,0.0,0.0,0.0,0.0,0.0,0.0,0.0,0.0,0.0,0.0,0.0,0.0,0.0,0.0,0.0,0.0,0.0,0.0,0.0,0.0,0.0,0.0,0.0,0.0,0.0
20900.2892,72526.42,77176.0,199.780,0.0,0.0,2246.39,388.210,263.990,29.5500,24.3000,0.0,0.0,0.0,0.0,0.0,74.5400,0.0,72.75,63.7900,20.7200,63.57,0.0,0.0,0.0,153.860,0.0,0.0,0.0,0.0,0.0,0.0,0.0,0.0,0.0,0.0,0.0,0.0,0.0,0.0,0.0,0.0,41.3300,0.0,0.0,0.0,0.0,0.0,0.0,0.0,0.0,0.0,0.0,0.0,0.0,0.0,0.0,0.0,0.0,0.0,0.0,0.0,0.0,0.0,0.0,0.0,0.0,0.0,0.0,0.0,0.0,0.0
20912.0064,72531.42,77176.0,112.130,0.0,0.0,2156.97,203.910,153.570,8.4,0.0,0.0,0.0,0.0,0.0,0.0,47.1300,0.0,52.9900,16.24,0.0,0.0,0.0,0.0,0.0,0.0,0.0,0.0,0.0,0.0,0.0,0.0,0.0,0.0,0.0,0.0,0.0,0.0,0.0,0.0,0.0,9.84,0.0,0.0,0.0,0.0,0.0,0.0,0.0,0.0,0.0,0.0,0.0,0.0,0.0,0.0,0.0,0.0,0.0,0.0,0.0,0.0,0.0,0.0,0.0,0.0,0.0,0.0,0.0,0.0,0.0,0.0
20924.7888,72536.42,77176.0,236.760,0.0,0.0,2038.21,179.220,349.540,27.2000,0.0,0.0,0.0,0.0,0.0,0.0,53.5500,0.0,106.970,70.6500,23.4,0.0,0.0,0.0,0.0,0.0,0.0,0.0,0.0,0.0,0.0,0.0,0.0,0.0,0.0,12.35,0.0,0.0,0.0,0.0,0.0,0.0,0.0,0.0,0.0,0.0,0.0,0.0,0.0,11.9,0.0,0.0,0.0,0.0,0.0,0.0,0.0,0.0,0.0,0.0,0.0,0.0,0.0,0.0,0.0,0.0,0.0,0.0,0.0,0.0,0.0,0.0
20937.5712,72541.42,77176.0,247.170,0.0,0.0,2809.77,359.880,197.780,34.3700,0.0,0.0,0.0,0.0,0.0,0.0,34.5100,0.0,257.850,64.2600,0.0,0.0,0.0,0.0,0.0,66.2400,0.0,0.0,108.810,0.0,0.0,0.0,0.0,0.0,0.0,0.0,15.1,0.0,0.0,0.0,0.0,0.0,59.6400,0.0,0.0,0.0,0.0,0.0,0.0,0.0,0.0,0.0,0.0,0.0,0.0,0.0,0.0,0.0,0.0,0.0,0.0,0.0,0.0,0.0,0.0,0.0,0.0,0.0,0.0,0.0,0.0,0.0
20949.2884,72546.42,77176.0,169.650,0.0,0.0,3197.5,235.950,276.300,39.3000,11.95,0.0,0.0,0.0,0.0,0.0,27.5500,10.85,11.25,0.0,0.0,0.0,0.0,0.0,0.0,16.15,0.0,0.0,0.0,0.0,0.0,0.0,0.0,0.0,0.0,0.0,30.2000,0.0,0.0,31.3000,0.0,0.0,0.0,0.0,0.0,0.0,0.0,0.0,0.0,0.0,0.0,0.0,0.0,0.0,0.0,0.0,0.0,0.0,0.0,0.0,0.0,0.0,0.0,0.0,0.0,0.0,0.0,0.0,0.0,0.0,0.0,0.0
20962.0708,72551.42,77176.0,56.3900,0.0,0.0,2961.58,201.920,407.880,28.5600,23.9,0.0,0.0,0.0,0.0,0.0,32.32,0.0,14.2,26.52,0.0,0.0,0.0,0.0,0.0,67.07,0.0,0.0,0.0,0.0,0.0,19.16,0.0,0.0,0.0,18.2800,0.0,0.0,0.0,0.0,0.0,0.0,0.0,0.0,0.0,0.0,0.0,24.3000,0.0,0.0,0.0,0.0,0.0,0.0,0.0,0.0,0.0,0.0,0.0,0.0,0.0,0.0,0.0,0.0,0.0,0.0,0.0,0.0,0.0,0.0,0.0,0.0
20974.8532,72556.42,77176.0,401.740,0.0,0.0,2652.12,320.970,89.4400,54.8100,0.0,0.0,0.0,0.0,0.0,0.0,50.6000,0.0,49.0300,0.0,0.0,0.0,0.0,0.0,0.0,35.4000,0.0,0.0,0.0,0.0,0.0,0.0,0.0,0.0,0.0,82.0400,0.0,0.0,0.0,0.0,0.0,0.0,32.5,0.0,0.0,0.0,0.0,0.0,0.0,0.0,0.0,0.0,0.0,0.0,0.0,0.0,0.0,0.0,0.0,0.0,0.0,0.0,0.0,0.0,0.0,0.0,0.0,0.0,0.0,0.0,0.0,0.0
20987.6356,72561.42,77176.0,76.18,0.0,0.0,1976.70,314.230,35.0300,54.9200,0.0,0.0,0.0,0.0,0.0,0.0,13.48,0.0,0.0,0.0,0.0,0.0,0.0,0.0,0.0,0.0,0.0,0.0,0.0,0.0,0.0,0.0,0.0,0.0,0.0,0.0,0.0,0.0,0.0,0.0,0.0,0.0,0.0,0.0,0.0,0.0,0.0,0.0,0.0,0.0,0.0,0.0,0.0,0.0,0.0,0.0,0.0,0.0,0.0,0.0,0.0,0.0,0.0,0.0,0.0,0.0,0.0,0.0,0.0,0.0,0.0,0.0
20999.3528,72566.42,77176.0,139.460,0.0,0.0,2904.46,249.670,104.100,0.0,0.0,0.0,0.0,0.0,0.0,0.0,13.6,0.0,226.120,89.4500,0.0,0.0,0.0,0.0,0.0,0.0,0.0,0.0,0.0,0.0,0.0,0.0,0.0,0.0,0.0,0.0,0.0,0.0,0.0,12.75,0.0,0.0,0.0,0.0,0.0,0.0,0.0,0.0,0.0,0.0,0.0,0.0,0.0,0.0,0.0,0.0,0.0,0.0,0.0,0.0,0.0,0.0,0.0,0.0,0.0,0.0,30.0500,0.0,0.0,0.0,0.0,0.0
21012.1352,72571.42,77176.0,298.670,0.0,0.0,3947.0,305.720,134.720,49.1500,0.0,0.0,0.0,0.0,0.0,0.0,27.2000,0.0,0.0,0.0,0.0,0.0,0.0,0.0,0.0,0.0,0.0,0.0,92.43,0.0,0.0,0.0,0.0,0.0,0.0,0.0,0.0,0.0,0.0,0.0,0.0,0.0,0.0,0.0,0.0,0.0,0.0,0.0,0.0,0.0,0.0,0.0,0.0,0.0,0.0,0.0,0.0,0.0,0.0,0.0,0.0,0.0,0.0,0.0,0.0,0.0,0.0,0.0,0.0,0.0,0.0,0.0
21024.9176,72576.42,77176.0,442.150,0.0,49.0500,2925.31,238.870,56.4700,44.3000,0.0,0.0,0.0,0.0,0.0,0.0,0.0,0.0,65.1000,20.08,0.0,0.0,16.4500,0.0,0.0,0.0,0.0,0.0,0.0,0.0,0.0,0.0,0.0,0.0,0.0,0.0,0.0,0.0,0.0,0.0,0.0,0.0,0.0,0.0,0.0,0.0,0.0,0.0,0.0,0.0,0.0,0.0,0.0,0.0,0.0,0.0,0.0,0.0,0.0,0.0,0.0,0.0,0.0,0.0,0.0,0.0,0.0,0.0,0.0,0.0,0.0,0.0
21037.7,72581.42,77176.0,578.300,341.75,65.82,13497.0,335.130,404.960,58.6000,0.0,0.0,0.0,0.0,0.0,0.0,141.25,0.0,196.0,0.0,18.76,0.0,26.3200,0.0,0.0,0.0,0.0,0.0,0.0,0.0,0.0,0.0,0.0,0.0,0.0,0.0,0.0,0.0,0.0,0.0,0.0,0.0,0.0,0.0,0.0,0.0,0.0,0.0,0.0,0.0,0.0,0.0,0.0,0.0,0.0,0.0,0.0,0.0,0.0,0.0,0.0,0.0,0.0,0.0,0.0,0.0,0.0,0.0,0.0,0.0,0.0,0.0
21049.4172,72586.42,77176.0,502.950,36.0100,0.0,6239.27,237.600,484.040,32.0500,0.0,0.0,0.0,0.0,0.0,0.0,0.0,12.2,253.890,33.1200,0.0,0.0,0.0,0.0,0.0,0.0,0.0,0.0,0.0,0.0,0.0,0.0,0.0,0.0,0.0,0.0,0.0,0.0,0.0,0.0,0.0,0.0,0.0,0.0,0.0,0.0,0.0,0.0,0.0,0.0,0.0,0.0,0.0,0.0,0.0,0.0,0.0,0.0,0.0,0.0,0.0,0.0,0.0,0.0,0.0,0.0,11.24,0.0,0.0,0.0,0.0,0.0
21062.1996,72591.42,77176.0,273.830,34.0,0.0,3170.39,111.840,343.240,51.09,0.0,0.0,0.0,0.0,0.0,0.0,147.220,0.0,83.5500,0.0,0.0,0.0,56.25,0.0,0.0,0.0,0.0,26.4,83.1500,0.0,0.0,0.0,0.0,0.0,0.0,44.7000,67.4500,0.0,0.0,0.0,0.0,0.0,0.0,0.0,0.0,0.0,0.0,0.0,0.0,0.0,0.0,0.0,0.0,0.0,0.0,0.0,0.0,0.0,0.0,0.0,0.0,0.0,0.0,0.0,0.0,0.0,0.0,0.0,0.0,0.0,0.0,0.0
21074.982,72596.42,77176.0,1584.0,324.930,203.430,36989.2,1047.13,1292.79,53.3300,0.0,0.0,0.0,0.0,0.0,0.0,37.3500,0.0,33.34,0.0,0.0,0.0,57.68,0.0,0.0,0.0,0.0,0.0,0.0,0.0,0.0,0.0,0.0,0.0,0.0,0.0,0.0,0.0,0.0,0.0,0.0,0.0,0.0,0.0,0.0,0.0,0.0,0.0,0.0,0.0,0.0,0.0,0.0,0.0,0.0,0.0,0.0,0.0,0.0,0.0,0.0,0.0,0.0,0.0,0.0,0.0,0.0,0.0,0.0,0.0,0.0,0.0
21087.7644,72601.42,77176.0,619.200,0.0,0.0,3756.72,436.380,337.480,22.85,0.0,0.0,0.0,0.0,0.0,0.0,83.75,67.2000,79.57,0.0,0.0,0.0,0.0,0.0,0.0,0.0,21.85,0.0,10.85,0.0,64.82,0.0,0.0,0.0,0.0,0.0,0.0,0.0,0.0,21.9600,0.0,0.0,0.0,0.0,0.0,0.0,0.0,0.0,0.0,0.0,0.0,0.0,0.0,0.0,0.0,0.0,0.0,0.0,0.0,0.0,0.0,0.0,0.0,0.0,0.0,0.0,0.0,0.0,0.0,0.0,0.0,0.0
21099.4816,72606.42,77176.0,6.96,0.0,0.0,1902.15,86.7400,355.610,0.0,0.0,0.0,0.0,0.0,0.0,0.0,41.18,14.32,45.2600,0.0,0.0,0.0,0.0,0.0,0.0,0.0,0.0,0.0,0.0,0.0,0.0,0.0,0.0,0.0,0.0,0.0,0.0,0.0,0.0,0.0,0.0,0.0,0.0,0.0,0.0,0.0,0.0,0.0,0.0,0.0,0.0,0.0,0.0,0.0,0.0,0.0,0.0,0.0,0.0,0.0,0.0,0.0,0.0,0.0,0.0,0.0,0.0,0.0,0.0,0.0,0.0,0.0
21112.264,72611.42,77176.0,197.990,34.6500,15.1,3737.32,183.25,130.030,85.5400,0.0,0.0,0.0,0.0,0.0,0.0,133.75,0.0,54.4500,0.0,0.0,0.0,0.0,0.0,0.0,0.0,0.0,267.450,0.0,0.0,0.0,0.0,0.0,0.0,0.0,0.0,0.0,0.0,0.0,0.0,0.0,0.0,0.0,0.0,0.0,0.0,0.0,0.0,0.0,0.0,19.7000,0.0,0.0,0.0,0.0,0.0,0.0,0.0,0.0,0.0,0.0,0.0,0.0,0.0,0.0,0.0,0.0,0.0,0.0,0.0,0.0,0.0
21125.0464,72616.42,77176.0,758.610,338.25,56.0500,18624.4,791.320,366.110,21.3000,0.0,0.0,0.0,0.0,0.0,0.0,102.07,0.0,202.040,8.2,0.0,0.0,0.0,0.0,0.0,0.0,0.0,35.25,46.6200,0.0,51.3000,9.52,0.0,0.0,0.0,0.0,0.0,0.0,0.0,0.0,0.0,0.0,0.0,0.0,0.0,0.0,0.0,0.0,0.0,0.0,0.0,0.0,0.0,0.0,0.0,0.0,0.0,0.0,0.0,0.0,0.0,0.0,0.0,0.0,0.0,0.0,0.0,0.0,0.0,0.0,0.0,0.0
21137.8288,72621.42,77176.0,288.120,0.0,0.0,3087.77,203.970,627.550,130.480,0.0,0.0,0.0,0.0,0.0,0.0,149.290,0.0,205.820,0.0,0.0,0.0,0.0,0.0,0.0,0.0,0.0,19.25,0.0,0.0,0.0,0.0,0.0,0.0,0.0,0.0,13.0,258.860,0.0,0.0,0.0,0.0,0.0,0.0,0.0,0.0,0.0,0.0,0.0,0.0,0.0,0.0,0.0,0.0,0.0,0.0,0.0,0.0,0.0,0.0,0.0,0.0,0.0,0.0,0.0,0.0,0.0,0.0,0.0,0.0,50.2400,0.0
21149.546,72626.42,77176.0,178.870,0.0,0.0,3121.11,329.180,543.340,106.770,0.0,0.0,0.0,0.0,0.0,0.0,153.5,0.0,121.710,97.3700,0.0,0.0,0.0,0.0,0.0,70.9800,0.0,0.0,14.5,0.0,0.0,0.0,14.1600,0.0,0.0,0.0,9.28000,0.0,0.0,0.0,0.0,0.0,0.0,0.0,0.0,0.0,0.0,0.0,0.0,0.0,13.2800,0.0,0.0,0.0,0.0,0.0,0.0,0.0,10.4,0.0,0.0,0.0,0.0,0.0,0.0,0.0,0.0,0.0,0.0,0.0,0.0,0.0
21162.3284,72631.42,77176.0,168.150,0.0,14.55,3091.45,133.860,241.740,85.0500,0.0,0.0,0.0,0.0,0.0,0.0,30.5500,0.0,131.25,0.0,0.0,0.0,0.0,0.0,0.0,0.0,0.0,0.0,0.0,0.0,0.0,0.0,0.0,0.0,0.0,0.0,0.0,0.0,0.0,0.0,0.0,0.0,0.0,0.0,0.0,0.0,0.0,0.0,0.0,0.0,0.0,0.0,0.0,0.0,0.0,0.0,0.0,0.0,0.0,0.0,0.0,0.0,0.0,0.0,0.0,0.0,0.0,0.0,0.0,0.0,0.0,0.0
21175.1108,72636.42,77176.0,475.430,0.0,0.0,2868.13,303.350,369.890,43.3500,93.75,0.0,0.0,0.0,0.0,0.0,19.85,0.0,26.2000,0.0,0.0,112.420,0.0,0.0,0.0,0.0,0.0,9.2,17.9500,0.0,0.0,0.0,0.0,0.0,0.0,0.0,0.0,36.6000,0.0,0.0,0.0,0.0,0.0,0.0,0.0,0.0,0.0,0.0,0.0,0.0,0.0,0.0,0.0,0.0,0.0,0.0,0.0,0.0,0.0,0.0,0.0,0.0,0.0,0.0,0.0,0.0,0.0,0.0,0.0,0.0,0.0,0.0
21187.8932,72641.42,77176.0,383.420,0.0,0.0,4301.72,204.620,182.720,170.700,0.0,0.0,0.0,0.0,0.0,0.0,56.0,0.0,85.8000,0.0,0.0,0.0,0.0,0.0,0.0,30.15,0.0,0.0,40.77,0.0,0.0,0.0,0.0,0.0,0.0,107.240,0.0,0.0,0.0,0.0,0.0,0.0,0.0,0.0,0.0,0.0,0.0,0.0,0.0,0.0,0.0,0.0,0.0,0.0,0.0,0.0,0.0,0.0,0.0,0.0,0.0,0.0,0.0,0.0,0.0,65.5200,0.0,0.0,0.0,0.0,0.0,0.0
21199.6104,72646.42,77176.0,311.040,0.0,0.0,3182.62,42.2600,245.900,0.0,0.0,0.0,0.0,22.75,0.0,31.15,0.0,0.0,65.8800,0.0,0.0,0.0,0.0,0.0,0.0,60.3000,0.0,38.3500,41.75,0.0,0.0,0.0,0.0,0.0,0.0,0.0,160.130,0.0,0.0,0.0,0.0,0.0,0.0,0.0,0.0,0.0,0.0,0.0,0.0,0.0,0.0,0.0,0.0,0.0,0.0,0.0,0.0,0.0,0.0,0.0,0.0,0.0,0.0,0.0,0.0,0.0,0.0,0.0,0.0,0.0,0.0,0.0
21212.3928,72651.42,77176.0,348.880,0.0,0.0,3327.89,139.180,238.900,0.0,0.0,0.0,0.0,0.0,0.0,0.0,70.7200,54.8800,34.0600,0.0,0.0,0.0,0.0,0.0,0.0,11.1,0.0,0.0,0.0,0.0,0.0,0.0,0.0,0.0,0.0,0.0,0.0,0.0,13.75,0.0,39.6000,0.0,0.0,0.0,0.0,0.0,0.0,0.0,0.0,0.0,0.0,0.0,0.0,0.0,0.0,0.0,0.0,0.0,0.0,0.0,0.0,0.0,0.0,0.0,0.0,0.0,0.0,0.0,0.0,0.0,0.0,0.0
21225.1752,72656.42,77176.0,176.310,0.0,0.0,3633.74,380.400,426.400,58.5,0.0,0.0,0.0,0.0,0.0,0.0,41.4400,0.0,44.1500,0.0,0.0,0.0,0.0,0.0,0.0,19.3000,0.0,0.0,40.4600,0.0,0.0,0.0,0.0,0.0,0.0,0.0,37.4700,0.0,0.0,0.0,0.0,0.0,0.0,0.0,0.0,0.0,0.0,0.0,0.0,0.0,0.0,0.0,0.0,0.0,0.0,0.0,0.0,0.0,0.0,0.0,0.0,0.0,0.0,0.0,0.0,0.0,23.8000,0.0,0.0,0.0,0.0,0.0
21237.9576,72661.42,77176.0,250.840,0.0,0.0,2121.83,345.660,149.160,0.0,0.0,0.0,0.0,0.0,32.4500,0.0,115.740,0.0,91.2900,0.0,50.2600,0.0,0.0,0.0,0.0,20.4,0.0,53.1000,0.0,0.0,0.0,0.0,0.0,0.0,0.0,0.0,0.0,0.0,0.0,0.0,93.8800,31.0,0.0,0.0,0.0,0.0,0.0,0.0,0.0,0.0,0.0,0.0,0.0,0.0,0.0,0.0,0.0,0.0,0.0,0.0,0.0,0.0,0.0,0.0,0.0,0.0,33.32,0.0,0.0,0.0,0.0,0.0
21249.6748,72666.42,77176.0,315.380,0.0,0.0,3538.36,58.68,49.1700,0.0,0.0,0.0,0.0,0.0,0.0,0.0,0.0,0.0,148.130,0.0,0.0,0.0,0.0,0.0,0.0,0.0,0.0,0.0,22.9600,0.0,0.0,0.0,0.0,0.0,0.0,0.0,0.0,0.0,0.0,0.0,0.0,0.0,0.0,26.9,0.0,0.0,0.0,0.0,0.0,0.0,0.0,0.0,0.0,0.0,0.0,16.3600,0.0,0.0,0.0,0.0,43.3500,0.0,0.0,0.0,0.0,0.0,0.0,0.0,0.0,0.0,0.0,0.0
21262.4572,72671.42,77176.0,85.6900,0.0,0.0,3342.66,103.450,186.080,26.59,0.0,0.0,0.0,0.0,0.0,0.0,49.3500,0.0,0.0,21.1,0.0,0.0,0.0,0.0,0.0,78.3000,0.0,15.45,0.0,0.0,0.0,0.0,0.0,0.0,0.0,0.0,28.99,0.0,0.0,0.0,46.0500,0.0,0.0,0.0,40.5500,0.0,0.0,0.0,0.0,0.0,0.0,0.0,0.0,0.0,0.0,0.0,0.0,0.0,0.0,0.0,0.0,0.0,0.0,0.0,0.0,0.0,0.0,0.0,0.0,0.0,0.0,0.0
21275.2396,72676.42,77176.0,137.640,162.450,0.0,2943.77,298.210,550.290,83.82,16.0500,0.0,0.0,0.0,0.0,0.0,86.6500,0.0,11.0,0.0,0.0,0.0,0.0,0.0,0.0,57.82,0.0,0.0,0.0,0.0,0.0,0.0,0.0,0.0,0.0,0.0,0.0,0.0,0.0,0.0,0.0,0.0,0.0,0.0,64.8800,0.0,0.0,0.0,0.0,0.0,0.0,0.0,0.0,0.0,0.0,0.0,0.0,0.0,0.0,0.0,0.0,0.0,0.0,0.0,0.0,0.0,0.0,0.0,0.0,0.0,0.0,0.0
21288.022,72681.42,77176.0,267.490,0.0,0.0,2873.55,267.810,422.950,49.9500,0.0,0.0,0.0,0.0,0.0,0.0,39.66,0.0,76.8500,11.85,0.0,0.0,0.0,0.0,0.0,53.8500,0.0,11.84,9.0,0.0,0.0,0.0,0.0,0.0,0.0,0.0,11.24,0.0,0.0,0.0,0.0,0.0,0.0,0.0,15.0,0.0,0.0,0.0,0.0,0.0,0.0,0.0,0.0,0.0,0.0,0.0,0.0,0.0,0.0,0.0,0.0,0.0,0.0,0.0,0.0,0.0,0.0,0.0,0.0,0.0,0.0,0.0
21299.7392,72686.42,77176.0,140.490,0.0,0.0,3609.30,105.420,253.700,24.76,0.0,0.0,0.0,0.0,0.0,0.0,0.0,0.0,62.8000,34.4400,0.0,0.0,0.0,0.0,0.0,18.76,0.0,0.0,47.7400,0.0,0.0,0.0,0.0,0.0,0.0,46.6200,0.0,0.0,0.0,0.0,0.0,0.0,0.0,0.0,0.0,0.0,0.0,0.0,0.0,0.0,0.0,0.0,0.0,0.0,0.0,0.0,0.0,0.0,0.0,0.0,0.0,0.0,0.0,0.0,0.0,0.0,0.0,0.0,0.0,0.0,0.0,0.0
21312.5216,72691.42,77176.0,478.220,0.0,0.0,4098.54,226.010,481.510,0.0,0.0,0.0,0.0,0.0,0.0,0.0,12.35,0.0,27.84,0.0,0.0,0.0,0.0,0.0,0.0,11.4,0.0,0.0,17.32,0.0,0.0,0.0,0.0,0.0,0.0,0.0,0.0,0.0,0.0,18.25,0.0,0.0,10.4,0.0,0.0,0.0,0.0,0.0,0.0,0.0,0.0,0.0,0.0,0.0,0.0,0.0,0.0,0.0,0.0,0.0,0.0,0.0,0.0,0.0,0.0,0.0,0.0,0.0,0.0,0.0,0.0,0.0
21325.304,72696.42,77176.0,113.710,0.0,0.0,2075.45,264.830,411.050,275.770,0.0,0.0,0.0,0.0,0.0,0.0,53.0400,0.0,0.0,53.25,0.0,0.0,0.0,0.0,0.0,0.0,0.0,0.0,14.4,0.0,0.0,0.0,0.0,0.0,0.0,0.0,16.25,0.0,47.32,29.2000,0.0,0.0,0.0,0.0,0.0,0.0,0.0,0.0,0.0,0.0,0.0,0.0,0.0,0.0,0.0,0.0,0.0,0.0,0.0,0.0,0.0,0.0,0.0,0.0,0.0,0.0,0.0,0.0,0.0,0.0,0.0,0.0
21338.0864,72701.42,77176.0,247.010,0.0,0.0,1619.24,209.470,639.700,116.810,0.0,0.0,0.0,0.0,0.0,0.0,11.95,0.0,27.65,0.0,0.0,0.0,0.0,0.0,0.0,32.6000,0.0,0.0,11.05,0.0,0.0,0.0,0.0,0.0,0.0,0.0,0.0,0.0,0.0,0.0,15.5,0.0,0.0,0.0,0.0,0.0,0.0,0.0,0.0,0.0,0.0,0.0,0.0,0.0,0.0,0.0,0.0,0.0,0.0,0.0,0.0,0.0,0.0,0.0,0.0,0.0,0.0,0.0,0.0,0.0,0.0,0.0
21349.8036,72706.42,77176.0,103.240,13.12,0.0,2129.16,136.910,67.3000,34.0500,13.6,0.0,0.0,0.0,0.0,0.0,66.5,0.0,49.5600,35.52,0.0,0.0,0.0,0.0,0.0,0.0,0.0,0.0,16.8800,0.0,0.0,0.0,0.0,0.0,0.0,0.0,0.0,0.0,0.0,0.0,0.0,0.0,0.0,0.0,0.0,0.0,0.0,0.0,0.0,0.0,0.0,0.0,0.0,0.0,0.0,0.0,0.0,0.0,0.0,0.0,0.0,0.0,0.0,0.0,0.0,0.0,0.0,0.0,0.0,0.0,0.0,0.0
21362.586,72711.42,77176.0,261.210,108.550,67.6500,18833.3,414.470,248.510,0.0,0.0,0.0,0.0,0.0,0.0,0.0,13.45,0.0,298.450,0.0,0.0,0.0,0.0,0.0,30.6,18.65,0.0,0.0,23.1,0.0,0.0,49.2000,0.0,0.0,0.0,0.0,0.0,0.0,0.0,0.0,0.0,0.0,42.2000,0.0,0.0,0.0,0.0,0.0,0.0,0.0,0.0,0.0,0.0,0.0,0.0,0.0,0.0,0.0,0.0,0.0,0.0,0.0,0.0,0.0,0.0,0.0,0.0,0.0,0.0,0.0,0.0,0.0
21375.3684,72716.42,77176.0,211.260,48.8800,15.2800,13352.6,446.140,434.470,18.3000,0.0,0.0,0.0,0.0,0.0,0.0,0.0,60.7600,162.0,0.0,0.0,0.0,0.0,0.0,0.0,12.48,0.0,0.0,38.8500,0.0,0.0,0.0,0.0,0.0,0.0,19.8000,0.0,0.0,0.0,0.0,0.0,0.0,19.35,0.0,0.0,0.0,0.0,0.0,0.0,0.0,0.0,0.0,0.0,0.0,0.0,0.0,0.0,0.0,0.0,0.0,0.0,0.0,0.0,0.0,0.0,0.0,0.0,0.0,0.0,0.0,0.0,0.0
21387.0856,72721.42,77176.0,81.75,57.0,0.0,11100.5,362.620,206.850,0.0,0.0,0.0,0.0,0.0,0.0,0.0,25.1200,0.0,37.4500,39.32,0.0,0.0,0.0,0.0,0.0,0.0,0.0,38.9200,0.0,0.0,0.0,0.0,0.0,0.0,0.0,39.6000,0.0,0.0,0.0,0.0,21.8800,0.0,0.0,0.0,0.0,0.0,0.0,0.0,0.0,0.0,0.0,0.0,0.0,0.0,0.0,0.0,0.0,0.0,0.0,0.0,0.0,0.0,0.0,0.0,0.0,0.0,0.0,0.0,0.0,0.0,0.0,0.0
21399.868,72726.42,77176.0,775.190,98.0900,0.0,13226.5,387.670,191.75,9.36,0.0,0.0,0.0,15.2,90.2200,0.0,31.4600,0.0,142.300,0.0,0.0,0.0,0.0,0.0,0.0,45.3600,0.0,55.3800,0.0,0.0,0.0,0.0,0.0,0.0,0.0,0.0,0.0,0.0,0.0,0.0,0.0,0.0,68.0500,0.0,0.0,0.0,0.0,0.0,0.0,17.6,0.0,0.0,0.0,0.0,0.0,0.0,0.0,0.0,0.0,0.0,0.0,0.0,0.0,0.0,0.0,0.0,0.0,0.0,0.0,0.0,0.0,0.0
21412.6504,72731.42,77176.0,2607.69,195.900,0.0,10749.2,490.320,350.270,220.980,0.0,0.0,0.0,18.85,0.0,0.0,180.180,0.0,83.0200,0.0,0.0,0.0,12.65,0.0,0.0,41.8600,0.0,87.0,0.0,0.0,0.0,0.0,0.0,0.0,0.0,0.0,28.0,0.0,0.0,0.0,0.0,0.0,0.0,0.0,0.0,0.0,0.0,0.0,0.0,0.0,0.0,0.0,0.0,0.0,0.0,0.0,0.0,0.0,0.0,0.0,0.0,0.0,0.0,0.0,0.0,0.0,0.0,0.0,0.0,0.0,0.0,0.0
21425.4328,72736.42,77176.0,7169.94,463.920,130.920,24267.3,603.230,408.240,0.0,0.0,0.0,0.0,0.0,185.510,0.0,88.9600,0.0,23.68,28.15,0.0,0.0,20.24,0.0,0.0,23.76,0.0,0.0,108.420,0.0,18.1,0.0,0.0,0.0,0.0,0.0,0.0,0.0,0.0,0.0,0.0,0.0,0.0,0.0,0.0,0.0,0.0,0.0,0.0,0.0,0.0,0.0,0.0,0.0,0.0,0.0,0.0,0.0,0.0,0.0,0.0,0.0,0.0,0.0,0.0,0.0,0.0,0.0,0.0,0.0,0.0,0.0
21437.15,72741.42,77176.0,418.820,27.4,0.0,4662.11,243.620,310.570,10.05,0.0,0.0,0.0,0.0,0.0,0.0,0.0,0.0,225.25,0.0,0.0,0.0,0.0,0.0,0.0,102.050,0.0,0.0,0.0,0.0,0.0,0.0,0.0,0.0,0.0,0.0,0.0,0.0,0.0,0.0,0.0,0.0,0.0,0.0,0.0,0.0,0.0,0.0,0.0,0.0,0.0,0.0,0.0,0.0,0.0,0.0,0.0,0.0,0.0,0.0,0.0,0.0,0.0,0.0,0.0,0.0,0.0,0.0,0.0,0.0,0.0,0.0
21449.9324,72746.42,77176.0,230.180,177.170,74.4900,5906.69,174.210,275.940,0.0,0.0,0.0,0.0,0.0,0.0,0.0,103.060,0.0,127.130,0.0,0.0,0.0,0.0,0.0,0.0,23.85,0.0,0.0,0.0,0.0,0.0,0.0,0.0,0.0,0.0,28.75,0.0,8.84,0.0,0.0,34.1900,0.0,0.0,0.0,0.0,0.0,0.0,0.0,0.0,0.0,0.0,0.0,0.0,0.0,0.0,0.0,0.0,0.0,0.0,0.0,0.0,0.0,0.0,0.0,0.0,0.0,0.0,0.0,0.0,0.0,0.0,0.0
21462.7148,72751.42,77176.0,263.600,0.0,0.0,2949.60,101.400,225.0,118.43,0.0,45.3000,0.0,0.0,0.0,0.0,22.8000,0.0,6.3,41.2200,0.0,0.0,60.4700,0.0,0.0,67.5,0.0,0.0,0.0,0.0,0.0,0.0,0.0,0.0,0.0,0.0,0.0,0.0,0.0,0.0,0.0,0.0,0.0,0.0,0.0,0.0,0.0,0.0,0.0,0.0,0.0,0.0,0.0,0.0,0.0,0.0,0.0,0.0,0.0,0.0,0.0,0.0,0.0,0.0,0.0,0.0,0.0,0.0,0.0,0.0,0.0,0.0
21475.4972,72756.42,77176.0,343.510,0.0,0.0,1964.66,361.490,202.460,26.4,0.0,0.0,0.0,0.0,0.0,0.0,0.0,77.7000,76.0500,59.7000,0.0,0.0,0.0,0.0,0.0,0.0,0.0,0.0,26.8800,0.0,0.0,0.0,0.0,0.0,0.0,0.0,62.3000,0.0,0.0,0.0,0.0,0.0,0.0,0.0,0.0,0.0,0.0,0.0,0.0,66.3500,0.0,0.0,0.0,0.0,0.0,0.0,0.0,0.0,0.0,0.0,0.0,0.0,0.0,0.0,0.0,0.0,0.0,0.0,0.0,0.0,0.0,0.0
21487.2144,72761.42,77176.0,236.650,0.0,0.0,2837.54,314.730,326.530,65.5500,0.0,0.0,0.0,0.0,0.0,0.0,0.0,0.0,68.1100,11.84,0.0,0.0,0.0,0.0,0.0,0.0,0.0,0.0,0.0,0.0,0.0,0.0,0.0,0.0,0.0,32.2400,13.6,0.0,0.0,0.0,0.0,0.0,0.0,0.0,0.0,0.0,0.0,0.0,0.0,0.0,0.0,0.0,0.0,0.0,0.0,0.0,0.0,0.0,0.0,0.0,0.0,0.0,0.0,0.0,0.0,0.0,0.0,0.0,0.0,0.0,0.0,0.0
21499.9968,72766.42,77176.0,348.910,0.0,0.0,2127.54,192.490,386.310,36.2400,0.0,0.0,0.0,0.0,0.0,0.0,0.0,0.0,75.1000,0.0,0.0,0.0,0.0,0.0,0.0,24.4500,0.0,28.65,17.3000,0.0,0.0,0.0,0.0,0.0,0.0,0.0,34.0,0.0,0.0,12.75,0.0,0.0,0.0,0.0,0.0,0.0,0.0,0.0,0.0,0.0,0.0,0.0,0.0,0.0,0.0,0.0,0.0,0.0,0.0,0.0,0.0,0.0,0.0,0.0,0.0,0.0,0.0,0.0,0.0,0.0,0.0,0.0
21512.7792,72771.42,77176.0,21.58,0.0,0.0,3673.20,297.240,434.990,46.6500,16.9500,0.0,0.0,0.0,0.0,0.0,26.5500,0.0,77.3600,0.0,0.0,0.0,0.0,0.0,0.0,0.0,0.0,44.4000,19.35,0.0,0.0,0.0,0.0,0.0,0.0,17.0,0.0,0.0,24.3000,0.0,0.0,0.0,0.0,0.0,0.0,0.0,0.0,0.0,0.0,0.0,0.0,0.0,0.0,0.0,0.0,0.0,0.0,0.0,0.0,0.0,0.0,0.0,0.0,0.0,0.0,0.0,0.0,0.0,0.0,0.0,0.0,0.0
21525.5616,72776.42,77176.0,326.090,10.8,0.0,2307.80,318.350,452.890,0.0,128.550,0.0,0.0,0.0,0.0,0.0,27.6800,0.0,173.900,0.0,0.0,0.0,17.25,0.0,0.0,0.0,0.0,0.0,56.6500,0.0,0.0,0.0,0.0,0.0,0.0,0.0,0.0,0.0,0.0,0.0,0.0,0.0,0.0,0.0,0.0,0.0,0.0,0.0,0.0,0.0,0.0,0.0,0.0,0.0,0.0,0.0,0.0,0.0,0.0,0.0,0.0,0.0,0.0,0.0,0.0,0.0,0.0,0.0,0.0,0.0,0.0,0.0
21537.2788,72781.42,77176.0,273.090,0.0,0.0,2101.02,58.84,435.150,106.280,0.0,0.0,0.0,0.0,0.0,0.0,0.0,0.0,0.0,0.0,0.0,0.0,0.0,0.0,0.0,33.6000,0.0,0.0,113.300,0.0,0.0,0.0,0.0,0.0,0.0,0.0,0.0,0.0,0.0,0.0,0.0,0.0,14.7,0.0,0.0,0.0,127.800,0.0,0.0,0.0,0.0,0.0,0.0,0.0,0.0,0.0,0.0,0.0,0.0,0.0,0.0,0.0,0.0,0.0,0.0,0.0,0.0,0.0,0.0,0.0,0.0,0.0
21550.0612,72786.42,77176.0,551.650,0.0,0.0,3230.10,275.530,295.460,33.75,0.0,0.0,0.0,0.0,0.0,0.0,16.5500,0.0,16.5500,0.0,0.0,0.0,0.0,0.0,0.0,0.0,0.0,0.0,0.0,0.0,0.0,0.0,0.0,0.0,0.0,0.0,0.0,0.0,0.0,0.0,0.0,0.0,20.2000,0.0,0.0,0.0,0.0,0.0,0.0,0.0,0.0,0.0,0.0,0.0,0.0,0.0,0.0,0.0,0.0,0.0,0.0,0.0,0.0,0.0,0.0,0.0,0.0,0.0,0.0,0.0,0.0,0.0
21562.8436,72791.42,77176.0,54.6500,0.0,0.0,2934.75,306.420,518.820,90.0,0.0,0.0,0.0,0.0,0.0,0.0,116.700,0.0,187.960,56.98,0.0,0.0,0.0,0.0,0.0,40.3000,0.0,0.0,0.0,0.0,0.0,0.0,0.0,0.0,0.0,0.0,0.0,0.0,0.0,9.48,0.0,12.95,0.0,0.0,0.0,0.0,0.0,0.0,0.0,0.0,0.0,0.0,0.0,0.0,0.0,0.0,0.0,0.0,0.0,0.0,0.0,0.0,0.0,0.0,0.0,0.0,0.0,0.0,0.0,0.0,0.0,0.0
21575.626,72796.42,77176.0,4658.89,392.520,218.400,73699.2,3876.92,3645.53,52.0800,0.0,0.0,0.0,0.0,11.25,0.0,24.0,0.0,36.0300,46.6500,0.0,0.0,0.0,0.0,0.0,7.72,0.0,0.0,0.0,0.0,0.0,0.0,0.0,0.0,0.0,0.0,0.0,0.0,0.0,0.0,0.0,0.0,22.0,0.0,0.0,0.0,0.0,0.0,0.0,0.0,0.0,0.0,0.0,0.0,0.0,0.0,0.0,0.0,46.0600,0.0,0.0,0.0,0.0,0.0,0.0,0.0,0.0,0.0,0.0,0.0,0.0,0.0
21587.3432,72801.42,77176.0,853.710,173.790,42.0,45245.4,1559.29,1465.29,25.32,0.0,0.0,0.0,0.0,22.5,0.0,13.05,0.0,10.48,0.0,0.0,0.0,14.76,0.0,0.0,0.0,0.0,140.480,0.0,0.0,0.0,0.0,0.0,0.0,0.0,0.0,10.6,0.0,0.0,0.0,10.5,0.0,0.0,0.0,0.0,0.0,0.0,0.0,0.0,0.0,0.0,0.0,0.0,0.0,0.0,0.0,0.0,0.0,0.0,0.0,0.0,0.0,0.0,0.0,21.6,0.0,0.0,0.0,0.0,0.0,0.0,0.0
21600.1256,72806.42,77176.0,165.720,0.0,0.0,3511.59,218.780,367.320,0.0,0.0,0.0,0.0,0.0,0.0,0.0,0.0,0.0,102.300,0.0,0.0,0.0,0.0,0.0,0.0,0.0,0.0,0.0,0.0,0.0,0.0,0.0,0.0,0.0,0.0,38.1000,0.0,0.0,17.75,54.0400,0.0,0.0,0.0,0.0,0.0,0.0,0.0,0.0,0.0,31.59,0.0,0.0,0.0,0.0,0.0,0.0,0.0,0.0,0.0,0.0,0.0,0.0,0.0,0.0,0.0,86.25,0.0,0.0,0.0,0.0,0.0,0.0
21612.908,72811.42,77176.0,2096.22,234.25,0.0,43799.3,1916.54,1679.48,51.5,0.0,0.0,0.0,0.0,40.9000,0.0,70.6500,0.0,76.3000,0.0,0.0,0.0,76.6500,0.0,0.0,0.0,0.0,0.0,12.75,0.0,0.0,0.0,0.0,0.0,0.0,0.0,0.0,0.0,0.0,0.0,0.0,0.0,0.0,0.0,38.0500,0.0,0.0,0.0,0.0,0.0,0.0,0.0,0.0,0.0,0.0,0.0,0.0,0.0,0.0,0.0,0.0,0.0,15.5,0.0,0.0,0.0,0.0,0.0,0.0,0.0,40.6500,76.4000
21625.6904,72816.42,77176.0,4100.68,443.920,0.0,149484.0,7670.57,4809.28,69.2400,0.0,0.0,0.0,0.0,0.0,0.0,25.8000,0.0,20.4400,0.0,0.0,0.0,0.0,0.0,0.0,0.0,0.0,0.0,15.3,0.0,0.0,0.0,0.0,0.0,0.0,0.0,0.0,0.0,0.0,0.0,0.0,0.0,29.32,0.0,0.0,0.0,0.0,0.0,0.0,0.0,0.0,0.0,0.0,0.0,0.0,0.0,0.0,0.0,0.0,0.0,0.0,0.0,0.0,0.0,0.0,0.0,0.0,0.0,0.0,0.0,0.0,0.0
21637.4076,72821.42,77176.0,3927.99,110.18,0.0,311516.0,17922.9,12430.7,0.0,0.0,0.0,0.0,0.0,0.0,0.0,53.16,0.0,128.920,0.0,0.0,36.7200,55.3500,0.0,0.0,148.610,0.0,82.5500,75.8000,0.0,0.0,0.0,0.0,0.0,0.0,0.0,8.64,0.0,0.0,0.0,0.0,0.0,0.0,0.0,0.0,0.0,0.0,0.0,0.0,0.0,0.0,0.0,21.9500,0.0,0.0,0.0,0.0,0.0,0.0,0.0,0.0,0.0,0.0,0.0,0.0,0.0,0.0,0.0,0.0,0.0,0.0,0.0
21650.19,72826.42,77176.0,510.780,240.710,0.0,26544.4,1344.15,1017.79,274.5,0.0,0.0,0.0,0.0,65.3900,0.0,0.0,0.0,122.050,72.6000,0.0,0.0,15.0400,0.0,0.0,25.0600,0.0,0.0,0.0,0.0,0.0,0.0,0.0,0.0,0.0,0.0,0.0,0.0,0.0,18.75,12.4400,0.0,0.0,0.0,0.0,0.0,0.0,0.0,0.0,0.0,0.0,0.0,0.0,0.0,0.0,30.65,0.0,0.0,0.0,0.0,0.0,0.0,0.0,0.0,0.0,0.0,0.0,0.0,0.0,0.0,0.0,0.0
21662.9724,72831.42,77176.0,447.910,194.420,0.0,13034.7,396.420,247.640,363.980,0.0,0.0,0.0,0.0,0.0,0.0,0.0,0.0,88.9200,13.56,0.0,0.0,0.0,0.0,0.0,44.1200,0.0,24.25,0.0,0.0,0.0,0.0,0.0,0.0,0.0,0.0,0.0,0.0,0.0,69.3000,0.0,0.0,35.25,0.0,0.0,0.0,0.0,0.0,0.0,0.0,0.0,0.0,0.0,0.0,0.0,49.0400,0.0,0.0,0.0,0.0,0.0,0.0,0.0,0.0,0.0,0.0,0.0,0.0,0.0,0.0,0.0,0.0
21675.7548,72836.42,77176.0,427.240,373.320,13.88,19313.7,1050.87,629.800,133.260,0.0,0.0,0.0,0.0,22.76,0.0,0.0,0.0,125.260,0.0,0.0,0.0,0.0,0.0,0.0,22.4,0.0,0.0,39.5800,0.0,0.0,0.0,0.0,0.0,0.0,0.0,96.0,0.0,0.0,0.0,0.0,0.0,0.0,0.0,0.0,0.0,0.0,0.0,0.0,0.0,0.0,0.0,0.0,0.0,0.0,0.0,0.0,0.0,0.0,0.0,0.0,30.8000,0.0,0.0,0.0,0.0,0.0,0.0,42.77,0.0,0.0,0.0
21687.472,72841.42,77176.0,7033.38,145.090,0.0,80517.7,3636.79,2759.10,195.350,0.0,0.0,0.0,0.0,0.0,0.0,87.7300,0.0,271.330,0.0,0.0,0.0,0.0,0.0,0.0,0.0,0.0,0.0,85.5600,0.0,0.0,0.0,0.0,0.0,0.0,44.59,0.0,0.0,0.0,100.520,44.8500,0.0,0.0,0.0,0.0,0.0,0.0,0.0,0.0,0.0,0.0,0.0,0.0,0.0,0.0,0.0,0.0,0.0,0.0,0.0,0.0,0.0,0.0,0.0,0.0,0.0,0.0,0.0,0.0,0.0,0.0,0.0
21700.2544,72846.42,77176.0,1986.52,259.470,338.730,52483.0,2223.40,1715.67,0.0,0.0,0.0,0.0,0.0,0.0,0.0,0.0,0.0,326.110,53.8500,0.0,0.0,0.0,0.0,0.0,8.68,0.0,122.780,0.0,0.0,0.0,0.0,0.0,0.0,0.0,0.0,0.0,0.0,0.0,0.0,0.0,0.0,22.3000,13.56,0.0,0.0,0.0,0.0,0.0,0.0,0.0,0.0,0.0,0.0,0.0,0.0,0.0,0.0,0.0,0.0,0.0,0.0,0.0,0.0,0.0,0.0,0.0,0.0,0.0,0.0,0.0,49.3500
21713.0368,72851.42,77176.0,378.180,68.8000,93.9000,3808.59,289.930,169.740,15.8,0.0,0.0,0.0,0.0,44.2400,0.0,0.0,0.0,60.48,179.950,0.0,0.0,0.0,0.0,0.0,0.0,0.0,80.75,117.460,0.0,0.0,0.0,0.0,0.0,0.0,0.0,0.0,0.0,0.0,0.0,0.0,0.0,0.0,0.0,0.0,0.0,0.0,0.0,0.0,0.0,0.0,0.0,0.0,0.0,0.0,0.0,0.0,0.0,0.0,0.0,0.0,0.0,0.0,0.0,0.0,0.0,0.0,10.3,0.0,0.0,0.0,0.0
21725.8192,72856.42,77176.0,11776.5,556.430,313.220,480845.0,30424.6,23048.2,246.760,0.0,0.0,0.0,51.8000,227.650,0.0,285.970,0.0,1075.35,31.0,0.0,0.0,106.950,0.0,0.0,0.0,0.0,0.0,0.0,0.0,0.0,0.0,0.0,0.0,0.0,0.0,0.0,0.0,0.0,0.0,0.0,0.0,0.0,17.4,0.0,0.0,0.0,0.0,0.0,0.0,41.9900,0.0,0.0,0.0,0.0,0.0,0.0,0.0,0.0,0.0,0.0,0.0,0.0,0.0,0.0,0.0,0.0,20.6,0.0,22.9500,0.0,0.0
21737.5364,72861.42,77176.0,1423.51,330.870,194.530,35374.1,1566.10,918.670,104.640,0.0,0.0,0.0,0.0,17.8000,0.0,31.52,0.0,126.990,0.0,0.0,0.0,33.3700,0.0,0.0,0.0,0.0,0.0,56.7200,0.0,0.0,0.0,0.0,0.0,0.0,0.0,0.0,0.0,0.0,0.0,0.0,0.0,0.0,0.0,0.0,0.0,0.0,0.0,0.0,0.0,0.0,0.0,0.0,0.0,0.0,0.0,0.0,0.0,0.0,0.0,0.0,0.0,0.0,0.0,0.0,0.0,0.0,0.0,0.0,0.0,0.0,0.0
21750.3188,72866.42,77176.0,330.070,103.260,0.0,5991.96,308.510,338.720,131.300,0.0,0.0,0.0,0.0,0.0,0.0,74.8400,14.65,82.32,0.0,0.0,0.0,0.0,0.0,0.0,82.1600,0.0,0.0,0.0,0.0,0.0,0.0,0.0,0.0,0.0,0.0,0.0,0.0,0.0,0.0,0.0,0.0,0.0,0.0,0.0,0.0,0.0,0.0,0.0,0.0,0.0,0.0,0.0,0.0,0.0,0.0,0.0,0.0,0.0,0.0,0.0,0.0,0.0,0.0,0.0,0.0,39.0,0.0,0.0,0.0,0.0,0.0
21763.1012,72871.42,77176.0,174.350,106.510,21.6,7707.81,621.260,340.790,15.4,0.0,0.0,0.0,0.0,0.0,0.0,76.0600,23.4400,24.32,0.0,0.0,0.0,0.0,15.76,0.0,16.4400,0.0,0.0,7.88,0.0,0.0,0.0,0.0,0.0,0.0,0.0,13.56,0.0,0.0,15.48,109.350,0.0,59.9900,0.0,0.0,0.0,0.0,0.0,0.0,0.0,0.0,0.0,0.0,0.0,0.0,0.0,0.0,0.0,0.0,0.0,0.0,0.0,19.1,0.0,0.0,0.0,0.0,0.0,0.0,0.0,0.0,0.0
21774.8184,72876.42,77176.0,776.260,229.75,43.2000,9917.37,249.150,291.580,70.3400,0.0,0.0,0.0,0.0,0.0,0.0,9.64,0.0,40.8800,0.0,0.0,0.0,0.0,0.0,0.0,31.3000,0.0,0.0,78.1300,0.0,0.0,0.0,0.0,0.0,0.0,0.0,0.0,0.0,0.0,0.0,0.0,0.0,0.0,0.0,0.0,0.0,0.0,0.0,0.0,0.0,0.0,30.16,0.0,0.0,0.0,0.0,0.0,0.0,0.0,0.0,0.0,0.0,38.2000,0.0,0.0,0.0,0.0,0.0,0.0,0.0,0.0,0.0
21787.6008,72881.42,77176.0,178.480,46.91,0.0,5002.90,417.590,452.330,142.25,51.09,0.0,0.0,0.0,0.0,0.0,0.0,0.0,34.1900,36.48,0.0,0.0,0.0,0.0,0.0,0.0,0.0,0.0,0.0,0.0,0.0,0.0,0.0,0.0,0.0,0.0,0.0,0.0,0.0,0.0,0.0,0.0,0.0,0.0,0.0,0.0,0.0,0.0,0.0,0.0,0.0,0.0,0.0,0.0,0.0,0.0,53.2000,0.0,0.0,0.0,0.0,0.0,0.0,0.0,0.0,0.0,0.0,0.0,0.0,0.0,0.0,0.0
21800.3832,72886.42,77176.0,138.850,81.0,0.0,3078.17,100.480,195.930,0.0,0.0,0.0,0.0,0.0,0.0,0.0,86.1500,0.0,103.07,59.4000,0.0,0.0,0.0,0.0,0.0,29.25,0.0,0.0,0.0,0.0,0.0,0.0,0.0,0.0,0.0,0.0,0.0,0.0,0.0,49.23,0.0,0.0,0.0,0.0,0.0,0.0,0.0,0.0,0.0,0.0,0.0,0.0,0.0,0.0,0.0,0.0,0.0,0.0,0.0,15.56,0.0,0.0,0.0,0.0,0.0,0.0,0.0,0.0,0.0,0.0,0.0,0.0
21813.1656,72891.42,77176.0,76.1600,43.3600,0.0,2368.23,100.300,400.900,67.75,0.0,0.0,0.0,0.0,0.0,0.0,21.68,0.0,75.4000,55.3000,0.0,0.0,0.0,0.0,0.0,30.2900,0.0,0.0,0.0,0.0,0.0,0.0,0.0,0.0,0.0,11.8,0.0,0.0,0.0,14.48,0.0,0.0,0.0,0.0,0.0,0.0,0.0,0.0,0.0,0.0,0.0,0.0,46.4000,0.0,0.0,0.0,0.0,0.0,0.0,0.0,0.0,0.0,0.0,0.0,0.0,0.0,0.0,0.0,0.0,0.0,0.0,0.0
21824.8828,72896.42,77176.0,978.050,0.0,0.0,6260.23,444.880,439.040,156.620,0.0,0.0,0.0,0.0,0.0,0.0,0.0,0.0,0.0,0.0,0.0,0.0,0.0,0.0,0.0,15.85,0.0,0.0,34.6500,0.0,0.0,0.0,0.0,0.0,0.0,0.0,12.08,0.0,0.0,82.5,0.0,0.0,0.0,0.0,0.0,0.0,0.0,0.0,37.7000,0.0,0.0,0.0,0.0,0.0,0.0,0.0,0.0,0.0,0.0,0.0,0.0,0.0,0.0,0.0,0.0,0.0,0.0,0.0,0.0,0.0,0.0,0.0
21837.6652,72901.42,77176.0,5430.38,264.980,0.0,280901.0,16552.4,12197.6,91.5400,0.0,0.0,0.0,36.8900,0.0,0.0,56.5600,0.0,70.75,0.0,0.0,0.0,0.0,0.0,0.0,0.0,0.0,0.0,0.0,0.0,0.0,0.0,0.0,0.0,0.0,0.0,0.0,0.0,11.2800,10.2800,0.0,0.0,0.0,0.0,0.0,0.0,0.0,0.0,0.0,0.0,0.0,0.0,0.0,0.0,0.0,0.0,0.0,0.0,0.0,21.25,0.0,0.0,0.0,0.0,0.0,0.0,0.0,0.0,0.0,0.0,0.0,0.0
21850.4476,72906.42,77176.0,303.900,0.0,0.0,4366.02,157.480,63.9200,121.160,0.0,0.0,0.0,0.0,0.0,0.0,73.9700,0.0,67.0500,0.0,0.0,0.0,0.0,0.0,0.0,28.4,0.0,22.5,25.75,0.0,0.0,0.0,0.0,0.0,0.0,0.0,0.0,0.0,28.2000,0.0,0.0,0.0,0.0,0.0,0.0,0.0,0.0,0.0,0.0,0.0,0.0,0.0,0.0,0.0,0.0,0.0,0.0,0.0,0.0,0.0,0.0,0.0,16.4,0.0,0.0,0.0,0.0,0.0,0.0,0.0,0.0,0.0
21863.23,72911.42,77176.0,551.700,10.7,0.0,2791.37,186.370,428.890,32.6200,0.0,0.0,0.0,0.0,0.0,0.0,22.2800,0.0,83.9400,0.0,0.0,0.0,0.0,0.0,0.0,20.1,0.0,0.0,24.6400,0.0,0.0,155.850,0.0,0.0,0.0,0.0,0.0,0.0,0.0,0.0,0.0,0.0,10.68,0.0,0.0,0.0,0.0,0.0,0.0,0.0,0.0,0.0,0.0,0.0,0.0,0.0,0.0,0.0,0.0,0.0,0.0,0.0,0.0,0.0,0.0,0.0,0.0,0.0,0.0,0.0,9.96,0.0
21874.9472,72916.42,77176.0,413.380,0.0,0.0,2952.60,229.540,490.140,19.0,0.0,0.0,0.0,0.0,0.0,0.0,14.0,110.730,83.6700,0.0,0.0,0.0,0.0,0.0,0.0,55.9200,0.0,14.76,80.6600,0.0,0.0,0.0,0.0,0.0,0.0,0.0,49.1000,13.8,0.0,0.0,0.0,0.0,23.25,0.0,0.0,0.0,0.0,0.0,0.0,0.0,0.0,0.0,0.0,0.0,0.0,0.0,0.0,0.0,0.0,0.0,0.0,38.3500,0.0,0.0,0.0,0.0,0.0,0.0,0.0,0.0,0.0,0.0
21887.7296,72921.42,77176.0,125.400,0.0,0.0,2852.34,234.120,717.560,0.0,12.6,0.0,0.0,0.0,0.0,0.0,13.35,0.0,101.630,26.3000,0.0,0.0,0.0,0.0,0.0,20.4,0.0,36.9000,29.85,0.0,0.0,0.0,0.0,0.0,0.0,0.0,0.0,0.0,0.0,0.0,0.0,0.0,0.0,0.0,0.0,0.0,0.0,0.0,0.0,0.0,0.0,0.0,0.0,0.0,0.0,0.0,0.0,0.0,0.0,0.0,0.0,0.0,0.0,0.0,0.0,0.0,0.0,0.0,0.0,0.0,0.0,0.0
21900.512,72926.42,77176.0,1481.16,148.100,0.0,3585.07,379.75,306.130,0.0,0.0,0.0,0.0,0.0,0.0,0.0,0.0,0.0,137.300,0.0,0.0,0.0,0.0,0.0,0.0,11.35,0.0,0.0,0.0,0.0,0.0,0.0,0.0,0.0,0.0,22.85,0.0,0.0,0.0,21.15,0.0,0.0,0.0,0.0,0.0,0.0,0.0,0.0,0.0,0.0,0.0,0.0,0.0,0.0,0.0,0.0,0.0,0.0,0.0,0.0,0.0,0.0,0.0,0.0,0.0,0.0,0.0,42.3500,0.0,0.0,0.0,0.0
21913.2944,72931.42,77176.0,565.160,233.660,0.0,4414.96,150.520,333.540,189.150,0.0,0.0,0.0,0.0,30.85,0.0,0.0,14.8400,94.3000,0.0,0.0,0.0,0.0,0.0,0.0,0.0,0.0,0.0,0.0,0.0,0.0,0.0,0.0,0.0,0.0,36.5600,0.0,21.5500,0.0,0.0,63.7000,0.0,0.0,0.0,0.0,0.0,0.0,0.0,47.7400,0.0,0.0,0.0,0.0,0.0,0.0,0.0,0.0,0.0,0.0,0.0,0.0,0.0,0.0,0.0,0.0,0.0,0.0,0.0,0.0,0.0,0.0,0.0
21925.0116,72936.42,77176.0,365.470,121.620,177.680,3912.51,168.510,493.080,59.7000,0.0,0.0,0.0,0.0,1687.85,0.0,10632.3,0.0,335.210,19.15,0.0,0.0,0.0,0.0,0.0,0.0,0.0,0.0,8.6,0.0,0.0,0.0,0.0,0.0,0.0,0.0,0.0,43.1000,0.0,0.0,14.8400,0.0,0.0,0.0,0.0,0.0,0.0,0.0,0.0,0.0,0.0,0.0,0.0,24.0,0.0,0.0,0.0,0.0,0.0,0.0,0.0,0.0,0.0,0.0,0.0,0.0,0.0,0.0,0.0,0.0,0.0,0.0
21937.794,72941.42,77176.0,255.75,0.0,302.800,3032.55,143.450,303.900,28.5500,0.0,0.0,0.0,0.0,327.75,0.0,48983.2,0.0,370.75,0.0,0.0,0.0,0.0,0.0,0.0,16.35,0.0,0.0,0.0,0.0,0.0,0.0,0.0,0.0,0.0,55.9500,0.0,0.0,0.0,0.0,0.0,0.0,0.0,0.0,0.0,0.0,0.0,0.0,0.0,0.0,0.0,0.0,0.0,0.0,0.0,0.0,0.0,0.0,0.0,0.0,0.0,0.0,0.0,0.0,0.0,0.0,0.0,0.0,0.0,0.0,0.0,0.0
21950.5764,72946.42,77176.0,273.070,0.0,0.0,2979.62,270.280,338.510,56.3500,0.0,0.0,0.0,0.0,0.0,0.0,1413.43,0.0,83.7700,18.5500,0.0,0.0,0.0,0.0,0.0,0.0,0.0,0.0,0.0,0.0,0.0,0.0,0.0,0.0,0.0,0.0,0.0,0.0,0.0,0.0,0.0,0.0,0.0,0.0,0.0,0.0,0.0,0.0,0.0,0.0,0.0,0.0,0.0,0.0,0.0,0.0,0.0,0.0,0.0,0.0,0.0,0.0,0.0,0.0,0.0,0.0,0.0,0.0,0.0,0.0,0.0,0.0
21963.3588,72951.42,77176.0,427.570,112.420,0.0,3829.24,65.0900,214.020,106.660,0.0,0.0,0.0,47.4500,0.0,0.0,93.9400,0.0,32.0,72.5300,0.0,0.0,0.0,0.0,0.0,25.75,0.0,0.0,0.0,0.0,0.0,0.0,0.0,0.0,0.0,0.0,0.0,0.0,0.0,0.0,0.0,0.0,0.0,0.0,0.0,0.0,0.0,0.0,0.0,0.0,0.0,0.0,0.0,0.0,0.0,0.0,0.0,0.0,0.0,0.0,0.0,0.0,0.0,0.0,0.0,0.0,0.0,0.0,0.0,0.0,0.0,0.0
21975.076,72956.42,77176.0,527.970,23.0500,0.0,2981.54,365.770,333.210,55.2000,0.0,0.0,0.0,0.0,0.0,0.0,0.0,10.2,0.0,11.4,0.0,0.0,0.0,0.0,0.0,0.0,0.0,0.0,0.0,0.0,0.0,0.0,0.0,0.0,0.0,0.0,0.0,0.0,0.0,0.0,0.0,0.0,0.0,0.0,0.0,0.0,0.0,0.0,0.0,0.0,0.0,0.0,0.0,0.0,0.0,0.0,0.0,0.0,0.0,0.0,0.0,0.0,0.0,10.52,0.0,0.0,0.0,19.68,0.0,0.0,0.0,0.0
21987.8584,72961.42,77176.0,730.290,35.3700,0.0,2563.78,117.720,204.610,23.8000,0.0,0.0,0.0,0.0,0.0,0.0,25.15,0.0,21.85,0.0,0.0,0.0,0.0,0.0,0.0,0.0,0.0,0.0,19.5500,0.0,0.0,0.0,0.0,0.0,0.0,80.3600,0.0,0.0,0.0,0.0,0.0,0.0,0.0,0.0,0.0,0.0,0.0,0.0,0.0,0.0,0.0,0.0,0.0,0.0,0.0,0.0,0.0,0.0,0.0,0.0,0.0,0.0,0.0,26.3000,0.0,0.0,0.0,0.0,0.0,0.0,0.0,0.0
22000.6408,72966.42,77176.0,704.160,48.0800,0.0,2254.66,61.5500,342.390,0.0,47.25,0.0,0.0,0.0,0.0,0.0,0.0,30.0300,89.0600,0.0,0.0,0.0,0.0,0.0,0.0,0.0,0.0,0.0,0.0,0.0,0.0,0.0,0.0,0.0,0.0,51.3500,0.0,0.0,0.0,0.0,0.0,0.0,11.15,0.0,0.0,0.0,0.0,0.0,0.0,0.0,0.0,0.0,0.0,0.0,0.0,0.0,0.0,0.0,0.0,0.0,0.0,0.0,0.0,0.0,0.0,0.0,0.0,0.0,0.0,0.0,0.0,0.0
22013.4232,72971.42,77176.0,589.760,28.7200,0.0,3149.26,302.020,396.480,15.76,0.0,0.0,0.0,0.0,0.0,0.0,76.0200,0.0,107.980,14.8,0.0,0.0,0.0,0.0,0.0,0.0,0.0,0.0,0.0,0.0,0.0,0.0,0.0,0.0,0.0,0.0,0.0,0.0,0.0,0.0,0.0,0.0,10.5600,0.0,0.0,0.0,0.0,0.0,0.0,0.0,0.0,0.0,0.0,0.0,0.0,0.0,0.0,0.0,0.0,0.0,0.0,0.0,0.0,0.0,0.0,0.0,46.1500,0.0,0.0,0.0,0.0,0.0
22025.1404,72976.42,77176.0,530.850,34.1300,0.0,3140.03,76.8400,221.680,32.1000,0.0,0.0,0.0,0.0,0.0,0.0,18.0400,0.0,111.760,8.64,0.0,0.0,0.0,0.0,0.0,0.0,0.0,0.0,129.390,0.0,0.0,0.0,0.0,0.0,0.0,0.0,8.0,0.0,0.0,0.0,98.9800,0.0,88.4000,0.0,0.0,0.0,0.0,0.0,0.0,0.0,0.0,0.0,0.0,0.0,0.0,0.0,0.0,0.0,0.0,0.0,0.0,0.0,0.0,0.0,0.0,0.0,0.0,0.0,0.0,0.0,0.0,0.0
22037.9228,72981.42,77176.0,484.060,0.0,0.0,2936.23,241.970,356.170,52.1000,0.0,0.0,0.0,0.0,0.0,0.0,0.0,0.0,66.1900,21.6,0.0,0.0,0.0,0.0,0.0,47.7000,0.0,0.0,0.0,0.0,0.0,0.0,0.0,0.0,0.0,0.0,196.400,0.0,0.0,0.0,0.0,0.0,0.0,0.0,0.0,0.0,0.0,0.0,0.0,0.0,0.0,0.0,0.0,0.0,0.0,0.0,0.0,0.0,0.0,0.0,0.0,0.0,0.0,0.0,0.0,0.0,0.0,0.0,0.0,0.0,0.0,0.0
22050.7052,72986.42,77176.0,582.630,9.8,0.0,1870.45,134.740,45.07,56.6400,0.0,0.0,0.0,0.0,0.0,0.0,10.2,0.0,24.35,0.0,0.0,0.0,10.9,0.0,0.0,0.0,0.0,29.2000,19.35,0.0,0.0,0.0,0.0,0.0,0.0,0.0,0.0,0.0,0.0,0.0,24.7000,0.0,0.0,0.0,0.0,0.0,0.0,0.0,0.0,0.0,0.0,0.0,0.0,0.0,0.0,0.0,0.0,0.0,0.0,0.0,0.0,0.0,0.0,0.0,0.0,0.0,0.0,0.0,0.0,0.0,0.0,0.0
22063.4876,72991.42,77176.0,437.150,0.0,0.0,2534.15,356.210,42.02,0.0,0.0,0.0,0.0,0.0,0.0,0.0,31.0,0.0,30.35,0.0,0.0,0.0,0.0,0.0,0.0,0.0,0.0,0.0,37.4600,0.0,0.0,0.0,0.0,0.0,0.0,0.0,39.4500,0.0,0.0,0.0,61.6400,0.0,0.0,0.0,0.0,0.0,0.0,0.0,0.0,0.0,0.0,0.0,0.0,0.0,0.0,0.0,0.0,0.0,0.0,0.0,0.0,0.0,0.0,0.0,10.4400,0.0,0.0,0.0,0.0,0.0,0.0,0.0
22075.2048,72996.42,77176.0,279.540,45.3000,0.0,1885.22,147.440,431.380,84.8500,40.9200,0.0,0.0,0.0,0.0,0.0,11.12,0.0,26.7000,10.2,0.0,0.0,0.0,0.0,0.0,0.0,0.0,10.2,0.0,0.0,0.0,0.0,0.0,0.0,0.0,0.0,37.7000,0.0,0.0,0.0,0.0,0.0,0.0,0.0,0.0,0.0,0.0,0.0,0.0,0.0,0.0,0.0,0.0,0.0,0.0,0.0,0.0,0.0,0.0,0.0,0.0,0.0,0.0,0.0,0.0,0.0,0.0,0.0,0.0,0.0,0.0,0.0
22087.9872,73001.42,77176.0,474.290,0.0,43.4400,2556.59,100.850,208.0,35.52,0.0,0.0,0.0,0.0,0.0,0.0,12.5600,0.0,227.530,13.35,0.0,0.0,0.0,0.0,0.0,0.0,0.0,0.0,57.68,0.0,0.0,0.0,0.0,0.0,0.0,0.0,0.0,0.0,0.0,0.0,0.0,19.5600,0.0,0.0,0.0,0.0,0.0,0.0,0.0,0.0,0.0,0.0,0.0,0.0,0.0,0.0,0.0,0.0,0.0,0.0,0.0,0.0,0.0,0.0,0.0,0.0,0.0,0.0,0.0,0.0,0.0,0.0
22100.7696,73006.42,77176.0,154.75,0.0,0.0,3180.93,89.3400,444.780,235.260,0.0,0.0,0.0,0.0,0.0,0.0,0.0,87.1000,10.5,0.0,0.0,0.0,0.0,0.0,0.0,0.0,0.0,0.0,0.0,0.0,0.0,0.0,0.0,0.0,0.0,0.0,0.0,0.0,0.0,0.0,0.0,0.0,0.0,12.4,0.0,0.0,0.0,0.0,0.0,0.0,0.0,0.0,0.0,0.0,0.0,0.0,0.0,0.0,0.0,0.0,0.0,0.0,0.0,0.0,0.0,0.0,0.0,0.0,0.0,0.0,0.0,0.0
22113.552,73011.42,77176.0,148.240,0.0,0.0,1928.75,156.140,158.390,0.0,0.0,0.0,0.0,0.0,34.0500,0.0,0.0,0.0,170.770,0.0,0.0,0.0,0.0,0.0,0.0,66.2200,0.0,0.0,0.0,0.0,0.0,0.0,0.0,0.0,0.0,0.0,0.0,0.0,0.0,0.0,0.0,0.0,0.0,0.0,0.0,0.0,0.0,0.0,0.0,0.0,0.0,0.0,0.0,0.0,0.0,0.0,0.0,0.0,0.0,0.0,0.0,0.0,0.0,0.0,0.0,0.0,0.0,0.0,0.0,0.0,0.0,0.0
22125.2692,73016.42,77176.0,291.380,0.0,8.56000,2681.36,140.440,174.740,16.4500,0.0,0.0,0.0,0.0,0.0,0.0,0.0,0.0,144.710,0.0,0.0,0.0,0.0,0.0,0.0,0.0,0.0,0.0,0.0,0.0,0.0,0.0,0.0,0.0,0.0,0.0,0.0,0.0,0.0,33.68,0.0,0.0,0.0,0.0,0.0,0.0,0.0,0.0,0.0,77.5600,0.0,0.0,0.0,0.0,0.0,0.0,0.0,0.0,0.0,0.0,0.0,0.0,0.0,0.0,0.0,0.0,0.0,0.0,0.0,0.0,0.0,0.0
22138.0516,73021.42,77176.0,601.700,102.0,0.0,2448.48,263.040,126.810,42.0400,0.0,0.0,0.0,0.0,0.0,0.0,0.0,0.0,19.35,53.3000,0.0,0.0,0.0,0.0,0.0,0.0,8.12,0.0,0.0,0.0,0.0,0.0,0.0,0.0,0.0,0.0,0.0,0.0,0.0,0.0,0.0,0.0,30.8000,0.0,0.0,0.0,0.0,0.0,0.0,0.0,0.0,0.0,0.0,0.0,0.0,0.0,0.0,0.0,0.0,0.0,0.0,0.0,0.0,0.0,0.0,0.0,0.0,0.0,0.0,0.0,0.0,0.0
22150.834,73026.42,77176.0,2216.07,61.4000,109.0,63754.1,2751.15,1806.04,105.660,0.0,0.0,0.0,0.0,0.0,0.0,14.75,0.0,54.5,0.0,0.0,0.0,32.75,0.0,0.0,0.0,0.0,45.9200,12.35,0.0,0.0,0.0,0.0,0.0,0.0,148.310,59.93,0.0,0.0,0.0,0.0,0.0,165.600,0.0,0.0,0.0,0.0,15.0400,0.0,0.0,0.0,0.0,0.0,0.0,0.0,0.0,0.0,0.0,0.0,0.0,0.0,0.0,0.0,0.0,0.0,0.0,0.0,0.0,0.0,0.0,0.0,0.0
22162.5512,73031.42,77176.0,5286.51,686.150,281.350,185426.0,9594.67,7427.47,170.640,0.0,0.0,0.0,0.0,0.0,0.0,87.6700,0.0,147.420,0.0,0.0,14.0,18.35,0.0,0.0,0.0,0.0,0.0,87.5600,0.0,0.0,0.0,0.0,0.0,0.0,0.0,22.35,0.0,0.0,0.0,0.0,0.0,0.0,0.0,0.0,0.0,0.0,0.0,0.0,0.0,0.0,0.0,0.0,0.0,0.0,0.0,0.0,0.0,0.0,0.0,10.15,0.0,0.0,0.0,0.0,72.9400,0.0,0.0,0.0,0.0,0.0,0.0
22175.3336,73036.42,77176.0,1223.39,48.23,61.41,50093.6,1602.17,1659.41,0.0,0.0,0.0,0.0,0.0,0.0,0.0,59.8500,0.0,185.860,0.0,0.0,0.0,0.0,0.0,0.0,0.0,0.0,0.0,63.18,0.0,0.0,0.0,0.0,0.0,0.0,0.0,0.0,0.0,0.0,74.4900,0.0,0.0,15.1,12.6,0.0,0.0,0.0,0.0,0.0,0.0,0.0,0.0,0.0,0.0,0.0,0.0,0.0,0.0,0.0,0.0,0.0,0.0,0.0,0.0,0.0,0.0,0.0,0.0,0.0,0.0,0.0,0.0
22188.116,73041.42,77176.0,529.010,253.310,61.8000,36798.8,1064.69,1418.10,16.75,0.0,0.0,0.0,0.0,0.0,0.0,94.82,84.75,37.16,27.0400,0.0,0.0,0.0,0.0,0.0,15.65,0.0,0.0,64.5,0.0,0.0,0.0,0.0,0.0,0.0,0.0,40.43,0.0,0.0,26.4,0.0,0.0,53.1000,0.0,0.0,0.0,0.0,0.0,0.0,0.0,0.0,0.0,0.0,0.0,0.0,0.0,0.0,0.0,0.0,0.0,0.0,0.0,0.0,0.0,0.0,0.0,0.0,17.6,0.0,0.0,0.0,0.0
22200.8984,73046.42,77176.0,217.690,43.7100,143.340,20501.6,659.490,282.630,38.7800,0.0,0.0,0.0,0.0,0.0,0.0,86.5500,47.6400,28.42,12.2,0.0,50.1200,0.0,0.0,0.0,135.150,0.0,12.64,0.0,0.0,0.0,0.0,0.0,0.0,0.0,0.0,0.0,0.0,0.0,0.0,0.0,0.0,0.0,0.0,0.0,0.0,0.0,0.0,0.0,0.0,0.0,0.0,0.0,0.0,0.0,0.0,0.0,0.0,0.0,0.0,0.0,0.0,0.0,0.0,0.0,0.0,0.0,0.0,9.8,0.0,0.0,0.0
22212.6156,73051.42,77176.0,740.120,0.0,0.0,11580.3,344.570,483.75,34.3600,0.0,0.0,0.0,0.0,0.0,0.0,38.4000,0.0,23.3000,0.0,0.0,0.0,0.0,0.0,0.0,37.3000,0.0,0.0,15.25,0.0,0.0,0.0,0.0,0.0,0.0,41.4400,0.0,0.0,0.0,0.0,0.0,20.5500,0.0,0.0,0.0,0.0,0.0,0.0,0.0,0.0,0.0,0.0,32.5,0.0,0.0,0.0,0.0,0.0,0.0,0.0,0.0,0.0,0.0,0.0,0.0,0.0,0.0,0.0,0.0,0.0,0.0,0.0
22225.398,73056.42,77176.0,436.040,113.050,15.88,13425.8,624.730,598.360,21.84,0.0,0.0,0.0,0.0,0.0,0.0,15.6,0.0,8.8,0.0,0.0,0.0,0.0,0.0,0.0,124.93,17.2000,96.5900,68.43,0.0,0.0,0.0,0.0,0.0,0.0,0.0,33.0800,0.0,0.0,0.0,0.0,0.0,0.0,0.0,0.0,0.0,0.0,0.0,0.0,0.0,0.0,0.0,0.0,0.0,0.0,0.0,0.0,0.0,0.0,0.0,0.0,0.0,0.0,0.0,0.0,0.0,0.0,0.0,0.0,0.0,0.0,0.0
22238.1804,73061.42,77176.0,353.810,0.0,0.0,3969.10,674.790,279.5,37.25,0.0,0.0,0.0,0.0,0.0,0.0,0.0,0.0,57.1000,119.360,0.0,0.0,0.0,0.0,0.0,0.0,0.0,0.0,0.0,0.0,0.0,0.0,0.0,0.0,0.0,0.0,0.0,0.0,0.0,0.0,0.0,0.0,25.9,50.75,0.0,0.0,0.0,0.0,0.0,0.0,0.0,0.0,0.0,0.0,0.0,0.0,0.0,0.0,0.0,0.0,0.0,0.0,0.0,0.0,0.0,0.0,0.0,0.0,0.0,0.0,0.0,0.0
22250.9628,73066.42,77176.0,353.920,0.0,0.0,3581.51,269.360,283.070,0.0,0.0,0.0,0.0,0.0,0.0,0.0,0.0,0.0,121.730,45.0800,0.0,0.0,0.0,0.0,0.0,10.08,0.0,0.0,0.0,0.0,0.0,0.0,0.0,0.0,0.0,0.0,0.0,0.0,0.0,9.76,0.0,0.0,57.5400,0.0,0.0,0.0,0.0,0.0,0.0,0.0,0.0,0.0,0.0,0.0,0.0,0.0,0.0,0.0,0.0,0.0,0.0,0.0,0.0,0.0,0.0,0.0,0.0,0.0,0.0,0.0,0.0,0.0
22262.68,73071.42,77176.0,556.550,17.5,32.8000,4124.85,366.490,370.370,72.1500,0.0,0.0,0.0,0.0,0.0,0.0,60.5300,0.0,38.7000,55.8000,0.0,0.0,0.0,0.0,0.0,0.0,0.0,0.0,30.3000,0.0,0.0,0.0,0.0,0.0,0.0,0.0,0.0,0.0,0.0,0.0,0.0,0.0,0.0,0.0,0.0,0.0,0.0,0.0,0.0,0.0,0.0,0.0,0.0,0.0,0.0,0.0,0.0,0.0,0.0,0.0,0.0,0.0,0.0,0.0,0.0,0.0,0.0,0.0,0.0,0.0,0.0,0.0
22275.4624,73076.42,77176.0,301.110,238.270,18.7200,8223.68,517.510,186.720,26.0,0.0,0.0,0.0,16.0500,0.0,0.0,0.0,0.0,61.1100,0.0,0.0,0.0,0.0,0.0,0.0,12.2,0.0,0.0,0.0,0.0,0.0,0.0,0.0,0.0,0.0,0.0,0.0,0.0,0.0,69.2100,35.8000,0.0,0.0,0.0,0.0,0.0,0.0,0.0,0.0,0.0,0.0,0.0,0.0,0.0,0.0,0.0,0.0,0.0,0.0,0.0,0.0,0.0,0.0,0.0,0.0,15.1,0.0,0.0,0.0,0.0,0.0,49.66
22288.2448,73081.42,77176.0,460.570,37.2000,0.0,5423.51,309.830,272.710,0.0,0.0,0.0,0.0,0.0,0.0,0.0,39.3900,10.5,102.5,0.0,0.0,0.0,0.0,0.0,0.0,258.300,0.0,0.0,166.850,0.0,0.0,0.0,0.0,0.0,0.0,0.0,0.0,0.0,0.0,0.0,32.5500,0.0,0.0,0.0,0.0,0.0,0.0,0.0,0.0,0.0,0.0,0.0,0.0,0.0,0.0,0.0,0.0,0.0,0.0,0.0,0.0,0.0,0.0,0.0,0.0,11.6,0.0,0.0,0.0,0.0,0.0,0.0
22301.0272,73086.42,77176.0,394.75,15.08,0.0,2974.41,167.040,140.900,105.420,0.0,0.0,0.0,0.0,0.0,0.0,13.2,0.0,113.520,0.0,0.0,0.0,0.0,0.0,0.0,46.1500,0.0,0.0,73.6400,0.0,0.0,0.0,0.0,0.0,0.0,0.0,0.0,0.0,0.0,0.0,0.0,0.0,0.0,0.0,0.0,0.0,0.0,0.0,0.0,0.0,0.0,0.0,0.0,0.0,0.0,0.0,0.0,0.0,0.0,0.0,0.0,0.0,0.0,0.0,0.0,0.0,0.0,0.0,0.0,0.0,0.0,0.0
22312.7444,73091.42,77176.0,471.590,51.9400,55.9500,2672.45,181.060,298.190,139.650,0.0,0.0,0.0,0.0,0.0,0.0,34.32,0.0,56.52,0.0,0.0,0.0,0.0,0.0,0.0,143.210,0.0,0.0,35.7600,0.0,0.0,0.0,0.0,0.0,0.0,0.0,17.16,0.0,0.0,0.0,0.0,36.1200,0.0,0.0,0.0,0.0,0.0,0.0,0.0,0.0,0.0,0.0,0.0,0.0,0.0,0.0,0.0,0.0,0.0,0.0,0.0,0.0,0.0,0.0,0.0,0.0,0.0,0.0,0.0,0.0,0.0,0.0
22325.5268,73096.42,77176.0,327.230,0.0,0.0,2710.23,185.760,250.5,15.75,0.0,0.0,0.0,0.0,0.0,0.0,0.0,0.0,77.9200,0.0,0.0,0.0,0.0,0.0,0.0,61.4000,0.0,43.2900,121.07,0.0,0.0,0.0,0.0,0.0,0.0,0.0,0.0,0.0,0.0,21.35,0.0,0.0,0.0,0.0,0.0,0.0,0.0,0.0,0.0,0.0,0.0,0.0,0.0,0.0,0.0,0.0,0.0,0.0,0.0,0.0,0.0,0.0,0.0,0.0,0.0,0.0,25.35,0.0,0.0,0.0,0.0,0.0
22338.3092,73101.42,77176.0,186.620,0.0,42.25,2614.54,93.5100,267.350,30.25,0.0,0.0,0.0,0.0,0.0,0.0,40.6000,0.0,16.8000,38.25,0.0,0.0,0.0,0.0,0.0,0.0,0.0,0.0,0.0,0.0,0.0,0.0,63.0500,0.0,0.0,0.0,0.0,35.4900,0.0,0.0,0.0,0.0,73.6500,0.0,0.0,0.0,0.0,0.0,0.0,0.0,0.0,0.0,0.0,0.0,0.0,0.0,0.0,0.0,0.0,0.0,0.0,0.0,0.0,0.0,0.0,0.0,0.0,0.0,0.0,0.0,0.0,0.0
22351.0916,73106.42,77176.0,118.060,0.0,0.0,2323.56,121.550,412.150,167.290,13.92,0.0,0.0,0.0,0.0,0.0,12.0,0.0,0.0,35.8500,0.0,0.0,0.0,0.0,0.0,10.6,0.0,75.0100,29.9,0.0,0.0,0.0,0.0,0.0,0.0,0.0,0.0,23.1200,0.0,0.0,27.85,0.0,11.4400,0.0,0.0,0.0,0.0,0.0,0.0,0.0,0.0,0.0,0.0,0.0,0.0,0.0,0.0,0.0,0.0,0.0,0.0,0.0,0.0,0.0,0.0,0.0,0.0,0.0,0.0,0.0,0.0,0.0
22362.8088,73111.42,77176.0,417.120,0.0,12.7200,3436.85,139.150,177.180,74.8800,0.0,0.0,0.0,0.0,46.1500,0.0,24.0,0.0,66.8000,0.0,0.0,0.0,0.0,0.0,0.0,0.0,0.0,0.0,0.0,0.0,37.9600,0.0,0.0,0.0,0.0,39.4500,0.0,0.0,0.0,10.4400,0.0,0.0,0.0,0.0,0.0,0.0,0.0,0.0,0.0,0.0,0.0,0.0,0.0,0.0,0.0,0.0,0.0,0.0,0.0,0.0,0.0,0.0,0.0,0.0,0.0,0.0,0.0,0.0,0.0,14.2,0.0,0.0
22375.5912,73116.42,77176.0,300.190,30.2000,0.0,1804.20,296.580,309.510,0.0,0.0,0.0,0.0,0.0,0.0,0.0,129.650,0.0,36.34,0.0,0.0,0.0,14.1,0.0,0.0,0.0,0.0,0.0,52.7000,0.0,0.0,0.0,0.0,0.0,0.0,0.0,0.0,0.0,0.0,68.0600,0.0,0.0,0.0,0.0,0.0,0.0,0.0,0.0,0.0,8.68,0.0,0.0,0.0,0.0,0.0,0.0,0.0,0.0,144.600,0.0,0.0,0.0,0.0,0.0,0.0,0.0,0.0,0.0,0.0,0.0,0.0,0.0
22388.3736,73121.42,77176.0,95.0500,11.9,0.0,3093.07,238.240,148.970,110.960,0.0,0.0,0.0,0.0,0.0,0.0,68.5100,0.0,165.190,0.0,0.0,0.0,0.0,0.0,0.0,12.08,0.0,0.0,0.0,0.0,0.0,0.0,0.0,0.0,0.0,0.0,0.0,0.0,0.0,0.0,0.0,0.0,0.0,0.0,0.0,0.0,0.0,0.0,0.0,0.0,0.0,0.0,0.0,0.0,0.0,0.0,0.0,0.0,0.0,0.0,0.0,0.0,0.0,0.0,0.0,0.0,0.0,0.0,0.0,0.0,0.0,0.0
22401.156,73126.42,77176.0,297.450,0.0,0.0,3345.01,60.5,56.7600,0.0,0.0,0.0,0.0,0.0,0.0,0.0,35.0,0.0,36.43,21.85,0.0,0.0,26.0,0.0,11.75,0.0,0.0,0.0,38.1400,0.0,0.0,0.0,0.0,0.0,0.0,0.0,82.5500,0.0,61.5,0.0,0.0,0.0,0.0,0.0,0.0,0.0,0.0,0.0,0.0,0.0,0.0,0.0,0.0,0.0,0.0,0.0,0.0,0.0,0.0,0.0,0.0,0.0,0.0,0.0,0.0,0.0,0.0,0.0,0.0,0.0,0.0,0.0
22412.8732,73131.42,77176.0,397.080,0.0,0.0,3118.55,85.32,516.130,38.57,0.0,0.0,0.0,0.0,0.0,0.0,0.0,92.43,125.900,0.0,0.0,0.0,0.0,0.0,23.5,26.9500,0.0,0.0,0.0,0.0,0.0,0.0,0.0,0.0,0.0,0.0,0.0,0.0,0.0,0.0,0.0,0.0,106.490,0.0,0.0,0.0,0.0,0.0,0.0,0.0,0.0,0.0,0.0,0.0,0.0,0.0,0.0,0.0,0.0,0.0,0.0,0.0,0.0,0.0,0.0,0.0,0.0,0.0,0.0,0.0,0.0,0.0
22425.6556,73136.42,77176.0,100.050,0.0,0.0,3399.56,165.25,168.200,68.1000,0.0,0.0,0.0,0.0,0.0,0.0,31.15,0.0,134.470,0.0,0.0,0.0,0.0,0.0,0.0,30.1,0.0,0.0,0.0,0.0,0.0,0.0,0.0,0.0,0.0,0.0,75.4200,0.0,0.0,17.92,0.0,0.0,0.0,0.0,0.0,0.0,0.0,0.0,0.0,0.0,0.0,0.0,0.0,0.0,0.0,0.0,0.0,0.0,0.0,0.0,0.0,0.0,0.0,0.0,0.0,0.0,0.0,0.0,0.0,0.0,0.0,0.0
22438.438,73141.42,77176.0,388.060,109.5,0.0,2608.44,238.580,312.880,0.0,0.0,0.0,0.0,0.0,0.0,0.0,0.0,0.0,136.820,13.2,0.0,0.0,0.0,0.0,0.0,78.5100,0.0,0.0,0.0,0.0,0.0,0.0,0.0,0.0,0.0,0.0,0.0,0.0,0.0,0.0,0.0,0.0,0.0,0.0,0.0,0.0,0.0,0.0,0.0,0.0,0.0,0.0,0.0,0.0,0.0,0.0,0.0,0.0,13.6400,0.0,0.0,0.0,0.0,0.0,0.0,0.0,22.8000,0.0,0.0,0.0,0.0,0.0
22451.2204,73146.42,77176.0,84.1400,0.0,0.0,1665.07,44.4400,419.790,17.25,0.0,0.0,0.0,10.76,25.5600,0.0,0.0,0.0,52.9500,0.0,0.0,0.0,0.0,0.0,0.0,0.0,0.0,0.0,0.0,0.0,0.0,0.0,0.0,0.0,38.8500,0.0,0.0,0.0,0.0,0.0,0.0,0.0,0.0,0.0,0.0,0.0,0.0,0.0,0.0,0.0,0.0,0.0,0.0,0.0,0.0,0.0,0.0,0.0,0.0,0.0,0.0,0.0,0.0,0.0,0.0,0.0,0.0,0.0,0.0,0.0,0.0,0.0
22462.9376,73151.42,77176.0,632.100,77.5200,0.0,3049.34,147.710,236.920,157.170,0.0,0.0,0.0,11.24,0.0,0.0,0.0,0.0,82.7400,66.9500,0.0,0.0,0.0,0.0,0.0,37.8800,0.0,0.0,0.0,0.0,0.0,9.16,0.0,0.0,0.0,13.76,0.0,0.0,0.0,0.0,16.84,11.7,0.0,0.0,0.0,0.0,0.0,0.0,0.0,0.0,0.0,0.0,0.0,0.0,0.0,0.0,0.0,0.0,0.0,0.0,0.0,0.0,0.0,0.0,0.0,0.0,51.1000,22.6400,0.0,0.0,0.0,0.0
22475.72,73156.42,77176.0,710.360,190.050,0.0,3260.98,159.680,199.420,49.2000,0.0,0.0,0.0,121.600,0.0,0.0,0.0,0.0,35.75,0.0,0.0,0.0,0.0,0.0,0.0,11.8,0.0,0.0,22.8700,0.0,0.0,22.9,0.0,0.0,0.0,0.0,0.0,0.0,0.0,0.0,0.0,0.0,0.0,0.0,0.0,0.0,0.0,0.0,0.0,0.0,0.0,0.0,0.0,0.0,0.0,0.0,0.0,0.0,0.0,0.0,0.0,0.0,0.0,0.0,0.0,0.0,0.0,56.6000,0.0,42.3800,0.0,0.0
22488.5024,73161.42,77176.0,961.460,100.540,0.0,2360.34,84.7000,655.360,18.15,0.0,0.0,0.0,0.0,0.0,0.0,102.800,0.0,76.7800,76.8700,0.0,0.0,0.0,0.0,0.0,18.8800,0.0,0.0,27.1,0.0,0.0,0.0,0.0,0.0,0.0,0.0,33.8000,0.0,0.0,0.0,0.0,0.0,0.0,0.0,0.0,0.0,0.0,0.0,0.0,0.0,36.0,0.0,0.0,0.0,0.0,0.0,0.0,0.0,0.0,0.0,0.0,0.0,0.0,0.0,0.0,0.0,0.0,0.0,0.0,0.0,0.0,0.0
22501.2848,73166.42,77176.0,234.520,0.0,0.0,2421.67,186.170,436.860,80.3500,0.0,0.0,0.0,0.0,0.0,0.0,137.320,0.0,33.0,11.2,0.0,0.0,0.0,0.0,0.0,0.0,0.0,20.2000,77.7900,0.0,0.0,0.0,0.0,0.0,0.0,16.75,18.6400,0.0,0.0,84.9000,0.0,0.0,69.3000,0.0,0.0,0.0,0.0,0.0,0.0,0.0,57.6000,0.0,0.0,0.0,0.0,0.0,0.0,0.0,0.0,0.0,0.0,0.0,0.0,0.0,0.0,0.0,0.0,0.0,0.0,0.0,0.0,0.0
22513.002,73171.42,77176.0,71.7200,0.0,0.0,2396.61,54.98,162.010,23.5,0.0,0.0,0.0,0.0,0.0,0.0,101.470,0.0,65.7400,19.76,0.0,0.0,0.0,0.0,0.0,0.0,0.0,29.26,0.0,13.32,0.0,0.0,0.0,0.0,0.0,0.0,0.0,0.0,0.0,0.0,0.0,0.0,16.24,0.0,0.0,0.0,0.0,0.0,0.0,0.0,0.0,0.0,0.0,0.0,0.0,0.0,0.0,0.0,0.0,0.0,0.0,0.0,0.0,0.0,0.0,0.0,0.0,0.0,0.0,0.0,0.0,0.0
22525.7844,73176.42,77176.0,330.830,0.0,0.0,1507.44,372.120,93.6200,0.0,0.0,0.0,0.0,0.0,0.0,0.0,42.9900,0.0,28.1,60.6500,0.0,0.0,0.0,0.0,0.0,0.0,0.0,0.0,31.07,0.0,0.0,0.0,0.0,0.0,0.0,0.0,0.0,0.0,0.0,0.0,0.0,21.4,40.6000,0.0,0.0,0.0,0.0,0.0,0.0,0.0,0.0,0.0,0.0,0.0,0.0,0.0,0.0,0.0,0.0,0.0,0.0,0.0,0.0,0.0,0.0,0.0,0.0,0.0,0.0,0.0,0.0,0.0
22538.5668,73181.42,77176.0,770.75,0.0,0.0,2307.52,59.93,253.910,83.4000,0.0,0.0,0.0,0.0,17.5500,0.0,199.480,0.0,20.32,84.7600,0.0,0.0,0.0,0.0,0.0,19.32,0.0,0.0,66.5600,0.0,0.0,0.0,0.0,0.0,0.0,0.0,0.0,0.0,0.0,0.0,0.0,0.0,0.0,0.0,0.0,0.0,0.0,0.0,0.0,0.0,0.0,0.0,0.0,0.0,0.0,0.0,0.0,0.0,0.0,0.0,0.0,0.0,0.0,0.0,0.0,0.0,0.0,0.0,0.0,0.0,0.0,0.0
22551.3492,73186.42,77176.0,242.740,0.0,0.0,3137.48,251.960,249.320,66.9000,0.0,0.0,0.0,14.8,0.0,0.0,40.32,0.0,42.3000,0.0,0.0,0.0,30.75,0.0,0.0,97.4000,0.0,0.0,0.0,0.0,0.0,0.0,0.0,0.0,0.0,0.0,0.0,0.0,0.0,0.0,26.1,0.0,14.92,0.0,0.0,0.0,0.0,0.0,0.0,0.0,0.0,0.0,0.0,0.0,0.0,0.0,0.0,0.0,0.0,0.0,0.0,0.0,0.0,0.0,0.0,0.0,0.0,0.0,62.7900,0.0,0.0,0.0
22563.0664,73191.42,77176.0,522.260,0.0,0.0,4367.07,88.6400,251.850,0.0,0.0,0.0,0.0,0.0,0.0,0.0,85.75,0.0,38.6000,14.9600,0.0,0.0,0.0,0.0,0.0,46.4000,0.0,15.32,0.0,0.0,0.0,0.0,0.0,0.0,0.0,65.9100,39.7600,0.0,0.0,13.68,52.2000,0.0,0.0,0.0,0.0,0.0,0.0,0.0,0.0,0.0,0.0,0.0,0.0,0.0,0.0,0.0,0.0,0.0,0.0,0.0,0.0,0.0,0.0,0.0,0.0,0.0,0.0,0.0,0.0,0.0,0.0,0.0
22575.8488,73196.42,77176.0,227.150,183.270,0.0,3583.40,294.890,42.9200,32.9600,0.0,0.0,0.0,0.0,0.0,0.0,190.690,0.0,0.0,50.8500,0.0,0.0,0.0,0.0,0.0,0.0,0.0,0.0,0.0,0.0,0.0,0.0,0.0,0.0,0.0,218.100,24.2000,0.0,0.0,0.0,0.0,18.68,0.0,0.0,0.0,0.0,0.0,0.0,0.0,0.0,0.0,0.0,0.0,0.0,0.0,0.0,0.0,0.0,0.0,0.0,0.0,0.0,0.0,0.0,0.0,0.0,0.0,0.0,0.0,0.0,0.0,0.0
22588.6312,73201.42,77176.0,467.470,0.0,0.0,2541.69,124.110,77.9500,0.0,0.0,0.0,0.0,0.0,0.0,0.0,32.5500,0.0,112.830,0.0,11.85,0.0,0.0,0.0,23.16,43.0300,0.0,0.0,0.0,0.0,0.0,0.0,0.0,0.0,0.0,0.0,0.0,0.0,0.0,0.0,10.16,0.0,0.0,0.0,0.0,0.0,0.0,99.7100,0.0,0.0,0.0,0.0,0.0,0.0,0.0,0.0,0.0,0.0,0.0,0.0,0.0,0.0,0.0,0.0,0.0,0.0,0.0,0.0,0.0,0.0,0.0,0.0
22600.3484,73206.42,77176.0,476.800,0.0,0.0,2145.95,118.200,660.900,133.100,29.3000,0.0,0.0,0.0,0.0,0.0,150.25,0.0,17.4,0.0,0.0,19.0,0.0,0.0,0.0,0.0,0.0,27.3000,14.2,0.0,0.0,0.0,0.0,0.0,0.0,28.2000,32.9000,0.0,0.0,15.95,0.0,0.0,19.15,0.0,0.0,0.0,0.0,0.0,0.0,0.0,0.0,0.0,0.0,0.0,0.0,0.0,0.0,0.0,0.0,0.0,0.0,0.0,0.0,0.0,0.0,26.25,72.9500,0.0,0.0,0.0,0.0,0.0
22613.1308,73211.42,77176.0,284.640,0.0,0.0,2913.20,72.5200,550.240,187.280,0.0,0.0,0.0,0.0,0.0,0.0,0.0,0.0,0.0,0.0,0.0,0.0,0.0,0.0,0.0,12.48,0.0,0.0,0.0,0.0,0.0,0.0,0.0,0.0,0.0,22.2000,0.0,0.0,0.0,37.1000,18.35,0.0,0.0,0.0,0.0,0.0,0.0,0.0,0.0,0.0,0.0,0.0,0.0,0.0,0.0,0.0,0.0,18.3600,0.0,0.0,0.0,0.0,0.0,0.0,0.0,0.0,0.0,0.0,0.0,0.0,0.0,0.0
22625.9132,73216.42,77176.0,134.440,79.2000,0.0,3480.63,86.1700,517.740,78.5400,0.0,0.0,0.0,0.0,0.0,0.0,0.0,0.0,89.4200,0.0,0.0,0.0,0.0,0.0,0.0,0.0,0.0,0.0,0.0,0.0,0.0,0.0,0.0,0.0,0.0,0.0,11.7200,8.56000,0.0,0.0,0.0,27.9,12.92,0.0,0.0,0.0,0.0,0.0,0.0,0.0,0.0,0.0,0.0,0.0,0.0,0.0,0.0,59.9500,0.0,0.0,0.0,0.0,0.0,0.0,0.0,0.0,0.0,0.0,0.0,0.0,0.0,0.0
22638.6956,73221.42,77176.0,455.390,25.0400,0.0,4316.60,179.550,292.980,17.08,0.0,0.0,0.0,12.1,0.0,0.0,0.0,0.0,163.020,0.0,0.0,0.0,0.0,0.0,0.0,0.0,0.0,0.0,0.0,0.0,0.0,0.0,0.0,0.0,0.0,0.0,27.2000,0.0,0.0,0.0,32.48,44.6400,0.0,0.0,0.0,0.0,0.0,0.0,0.0,0.0,0.0,0.0,0.0,0.0,0.0,0.0,0.0,22.48,0.0,0.0,0.0,0.0,0.0,0.0,0.0,0.0,0.0,0.0,0.0,0.0,0.0,0.0
22650.4128,73226.42,77176.0,351.020,0.0,0.0,2800.04,137.790,479.130,48.6500,0.0,0.0,0.0,0.0,0.0,0.0,13.95,0.0,78.25,0.0,0.0,0.0,0.0,0.0,0.0,47.1000,0.0,0.0,59.5,0.0,0.0,0.0,0.0,0.0,0.0,0.0,0.0,0.0,0.0,0.0,0.0,0.0,0.0,0.0,0.0,0.0,0.0,0.0,0.0,0.0,0.0,0.0,0.0,0.0,0.0,0.0,0.0,0.0,0.0,0.0,0.0,0.0,0.0,0.0,0.0,0.0,0.0,0.0,0.0,0.0,0.0,0.0
22663.1952,73231.42,77176.0,252.900,0.0,0.0,3423.05,183.620,143.160,97.3000,37.57,0.0,0.0,0.0,0.0,0.0,79.43,0.0,43.9900,21.3000,0.0,0.0,0.0,0.0,0.0,0.0,0.0,57.3300,0.0,0.0,0.0,0.0,0.0,0.0,0.0,28.6,0.0,0.0,0.0,0.0,0.0,0.0,8.84,0.0,0.0,0.0,0.0,0.0,0.0,0.0,0.0,0.0,0.0,0.0,0.0,0.0,0.0,0.0,0.0,0.0,0.0,0.0,0.0,0.0,0.0,0.0,0.0,0.0,0.0,0.0,0.0,0.0
22675.9776,73236.42,77176.0,468.820,0.0,33.41,1646.32,149.0,298.040,0.0,20.5500,0.0,0.0,19.5,0.0,0.0,0.0,0.0,112.280,0.0,0.0,0.0,0.0,0.0,0.0,78.4500,0.0,0.0,15.48,0.0,0.0,0.0,0.0,0.0,0.0,0.0,30.3000,0.0,0.0,0.0,9.7,0.0,37.6500,0.0,0.0,0.0,0.0,0.0,0.0,0.0,0.0,0.0,32.6300,0.0,0.0,0.0,0.0,0.0,0.0,0.0,0.0,0.0,0.0,0.0,0.0,52.3500,0.0,0.0,0.0,0.0,0.0,0.0
22688.76,73241.42,77176.0,238.020,14.3,0.0,3291.71,398.290,441.970,62.3700,0.0,0.0,0.0,0.0,0.0,0.0,0.0,0.0,140.75,0.0,0.0,0.0,0.0,0.0,0.0,0.0,0.0,0.0,0.0,0.0,0.0,0.0,0.0,0.0,0.0,0.0,81.3400,0.0,0.0,0.0,0.0,0.0,0.0,0.0,0.0,0.0,0.0,0.0,0.0,0.0,0.0,0.0,0.0,0.0,0.0,0.0,0.0,0.0,0.0,0.0,0.0,0.0,0.0,0.0,50.3100,0.0,0.0,15.2,0.0,0.0,0.0,0.0
22700.4772,73246.42,77176.0,390.830,15.8400,0.0,3644.56,94.7900,392.040,41.7000,0.0,0.0,0.0,65.6600,0.0,0.0,16.2000,57.1200,39.9200,0.0,0.0,0.0,0.0,0.0,0.0,0.0,0.0,0.0,49.3500,0.0,0.0,0.0,0.0,0.0,0.0,0.0,11.32,0.0,0.0,0.0,0.0,0.0,0.0,0.0,0.0,0.0,0.0,0.0,0.0,0.0,0.0,0.0,0.0,0.0,0.0,0.0,0.0,0.0,0.0,0.0,0.0,0.0,0.0,0.0,0.0,0.0,0.0,0.0,0.0,0.0,0.0,0.0
22713.2596,73251.42,77176.0,261.430,20.08,39.52,2847.43,144.270,388.120,63.07,26.5,0.0,0.0,0.0,0.0,0.0,9.1,0.0,6.65,0.0,0.0,0.0,19.9,0.0,0.0,0.0,0.0,0.0,0.0,0.0,0.0,0.0,0.0,0.0,9.32,0.0,33.1500,0.0,0.0,0.0,0.0,15.95,56.8500,0.0,0.0,0.0,0.0,0.0,0.0,0.0,0.0,0.0,0.0,0.0,0.0,0.0,0.0,0.0,0.0,0.0,0.0,0.0,0.0,0.0,0.0,0.0,0.0,0.0,0.0,0.0,0.0,0.0
22726.042,73256.42,77176.0,198.75,13.95,0.0,1674.73,326.990,567.870,100.800,0.0,0.0,0.0,0.0,0.0,0.0,34.0500,0.0,76.4000,21.5500,0.0,0.0,0.0,0.0,0.0,0.0,0.0,0.0,0.0,0.0,0.0,0.0,0.0,0.0,23.3000,0.0,0.0,0.0,0.0,0.0,0.0,0.0,0.0,0.0,0.0,0.0,0.0,0.0,0.0,0.0,0.0,0.0,0.0,0.0,0.0,0.0,0.0,0.0,0.0,0.0,0.0,0.0,0.0,0.0,0.0,0.0,0.0,0.0,0.0,0.0,0.0,0.0
22738.8244,73261.42,77176.0,492.120,12.35,0.0,2092.33,138.700,221.700,46.5600,0.0,0.0,0.0,0.0,0.0,0.0,30.8100,10.32,41.9700,30.2000,0.0,0.0,0.0,0.0,0.0,0.0,0.0,0.0,0.0,0.0,0.0,0.0,0.0,0.0,0.0,91.0,0.0,0.0,0.0,0.0,116.610,0.0,0.0,0.0,0.0,0.0,0.0,0.0,0.0,0.0,13.32,0.0,0.0,0.0,0.0,0.0,0.0,0.0,0.0,0.0,0.0,0.0,0.0,0.0,0.0,0.0,9.68,0.0,0.0,0.0,0.0,0.0
22750.5416,73266.42,77176.0,782.570,10.7200,0.0,1678.37,127.390,212.520,54.68,0.0,0.0,0.0,0.0,0.0,0.0,75.82,12.5600,72.75,20.35,0.0,0.0,0.0,0.0,0.0,0.0,0.0,0.0,0.0,0.0,0.0,0.0,0.0,0.0,0.0,0.0,32.3000,0.0,0.0,0.0,0.0,0.0,0.0,0.0,0.0,9.72000,0.0,0.0,0.0,0.0,0.0,0.0,0.0,0.0,0.0,0.0,0.0,0.0,0.0,0.0,0.0,99.1900,0.0,0.0,0.0,0.0,0.0,0.0,0.0,0.0,0.0,0.0
22763.324,73271.42,77176.0,499.600,0.0,0.0,4003.66,191.440,130.990,130.780,0.0,0.0,0.0,0.0,0.0,0.0,0.0,31.4,131.560,0.0,0.0,0.0,0.0,0.0,0.0,0.0,0.0,0.0,0.0,0.0,0.0,0.0,0.0,0.0,0.0,0.0,40.6900,0.0,0.0,31.08,32.0500,0.0,0.0,0.0,0.0,0.0,0.0,0.0,0.0,0.0,0.0,0.0,0.0,0.0,0.0,0.0,0.0,0.0,0.0,0.0,0.0,0.0,0.0,0.0,0.0,0.0,0.0,0.0,0.0,0.0,0.0,0.0
22776.1064,73276.42,77176.0,330.720,104.800,48.0,3836.47,110.400,196.080,13.75,0.0,0.0,0.0,0.0,0.0,0.0,31.5,72.1500,93.4600,17.8000,0.0,0.0,0.0,0.0,46.02,0.0,0.0,147.450,45.1000,0.0,0.0,0.0,0.0,0.0,0.0,0.0,17.0500,0.0,0.0,0.0,0.0,0.0,83.9000,0.0,0.0,0.0,0.0,0.0,0.0,0.0,0.0,0.0,0.0,0.0,0.0,0.0,0.0,0.0,0.0,0.0,0.0,0.0,0.0,0.0,0.0,0.0,67.3500,0.0,0.0,0.0,0.0,0.0
22788.8888,73281.42,77176.0,109.82,19.65,0.0,3163.47,303.430,399.540,61.7000,0.0,0.0,0.0,0.0,0.0,0.0,42.16,58.52,22.85,0.0,0.0,0.0,0.0,0.0,0.0,29.5500,0.0,26.0,0.0,0.0,0.0,0.0,0.0,0.0,0.0,29.6400,118.830,0.0,0.0,0.0,0.0,0.0,0.0,0.0,0.0,0.0,0.0,0.0,0.0,0.0,0.0,0.0,0.0,0.0,0.0,0.0,0.0,0.0,0.0,0.0,0.0,0.0,0.0,0.0,0.0,0.0,0.0,0.0,0.0,0.0,0.0,0.0
22800.606,73286.42,77176.0,276.270,0.0,0.0,1948.55,230.320,263.020,22.5,0.0,0.0,0.0,59.7800,0.0,0.0,0.0,0.0,187.360,70.1600,0.0,0.0,0.0,0.0,0.0,0.0,0.0,11.88,0.0,0.0,0.0,0.0,0.0,0.0,0.0,0.0,12.0,0.0,0.0,0.0,0.0,0.0,0.0,0.0,0.0,0.0,0.0,0.0,0.0,0.0,0.0,0.0,0.0,0.0,0.0,0.0,0.0,0.0,0.0,0.0,0.0,0.0,0.0,0.0,0.0,0.0,0.0,0.0,0.0,0.0,0.0,0.0
22813.3884,73291.42,77176.0,553.150,0.0,0.0,2580.32,165.190,357.75,32.1500,0.0,0.0,0.0,0.0,0.0,0.0,54.34,0.0,8.9,10.84,0.0,0.0,0.0,0.0,0.0,22.9,0.0,0.0,144.240,0.0,0.0,0.0,0.0,0.0,0.0,0.0,85.1200,0.0,0.0,20.4,38.7000,0.0,0.0,0.0,0.0,0.0,0.0,0.0,0.0,0.0,0.0,0.0,0.0,0.0,0.0,0.0,0.0,0.0,0.0,0.0,0.0,0.0,0.0,0.0,0.0,0.0,0.0,0.0,0.0,0.0,0.0,0.0
22826.1708,73296.42,77176.0,187.140,0.0,0.0,3367.91,349.940,303.690,12.6,0.0,0.0,0.0,0.0,0.0,0.0,35.2000,0.0,0.0,0.0,0.0,0.0,0.0,0.0,0.0,0.0,0.0,0.0,0.0,0.0,0.0,0.0,0.0,0.0,0.0,0.0,30.4,0.0,0.0,20.4,0.0,0.0,0.0,0.0,0.0,0.0,0.0,0.0,0.0,0.0,0.0,0.0,0.0,0.0,52.7800,0.0,0.0,0.0,0.0,0.0,0.0,0.0,0.0,0.0,0.0,0.0,0.0,0.0,0.0,0.0,0.0,0.0
22838.9532,73301.42,77176.0,310.060,0.0,0.0,2787.25,133.840,537.140,51.2000,42.2800,0.0,0.0,0.0,31.5600,0.0,0.0,0.0,66.7000,0.0,0.0,0.0,0.0,0.0,0.0,0.0,0.0,0.0,29.65,0.0,0.0,0.0,0.0,0.0,0.0,0.0,0.0,0.0,0.0,0.0,0.0,0.0,0.0,12.25,0.0,0.0,0.0,0.0,0.0,0.0,0.0,0.0,0.0,0.0,0.0,0.0,0.0,0.0,0.0,0.0,0.0,0.0,0.0,0.0,0.0,0.0,0.0,0.0,0.0,0.0,0.0,0.0
22850.6704,73306.42,77176.0,273.360,0.0,0.0,2390.14,46.2900,43.8800,40.1000,0.0,0.0,0.0,0.0,34.4000,0.0,75.9000,0.0,210.520,18.3000,0.0,0.0,0.0,0.0,0.0,14.6400,0.0,0.0,18.0,0.0,0.0,0.0,0.0,0.0,0.0,0.0,0.0,0.0,0.0,0.0,0.0,0.0,0.0,0.0,0.0,0.0,0.0,0.0,0.0,0.0,0.0,0.0,0.0,0.0,0.0,0.0,0.0,0.0,0.0,0.0,0.0,0.0,0.0,0.0,0.0,0.0,0.0,0.0,0.0,0.0,0.0,0.0
22863.4528,73311.42,77176.0,259.400,21.9,0.0,3272.90,143.0,219.400,106.450,0.0,0.0,0.0,0.0,0.0,0.0,23.35,0.0,61.9700,0.0,16.4500,64.6500,0.0,0.0,0.0,205.430,0.0,31.25,0.0,0.0,0.0,0.0,0.0,0.0,0.0,0.0,24.35,0.0,0.0,0.0,0.0,9.96,0.0,0.0,0.0,0.0,0.0,0.0,0.0,0.0,0.0,0.0,0.0,0.0,0.0,0.0,0.0,0.0,0.0,0.0,0.0,0.0,0.0,0.0,0.0,0.0,0.0,0.0,0.0,0.0,0.0,0.0
22876.2352,73316.42,77176.0,280.010,12.8400,0.0,2398.19,272.950,378.280,20.8000,0.0,0.0,0.0,0.0,0.0,0.0,56.8600,0.0,151.900,10.08,0.0,0.0,16.8000,0.0,0.0,0.0,0.0,8.48,0.0,0.0,0.0,0.0,0.0,0.0,0.0,16.85,58.5600,0.0,0.0,0.0,0.0,0.0,0.0,0.0,0.0,0.0,0.0,0.0,0.0,0.0,13.4,0.0,0.0,0.0,0.0,0.0,0.0,0.0,0.0,0.0,0.0,0.0,10.7,0.0,0.0,0.0,0.0,0.0,0.0,0.0,0.0,0.0
22889.0176,73321.42,77176.0,465.670,0.0,0.0,3602.88,283.25,362.200,24.8000,0.0,0.0,0.0,0.0,0.0,0.0,0.0,0.0,52.07,15.25,0.0,0.0,24.25,0.0,0.0,0.0,0.0,0.0,27.5600,10.76,0.0,0.0,0.0,0.0,0.0,0.0,0.0,0.0,0.0,0.0,0.0,0.0,0.0,0.0,0.0,0.0,0.0,0.0,0.0,0.0,0.0,0.0,0.0,0.0,0.0,0.0,0.0,0.0,0.0,0.0,0.0,0.0,0.0,0.0,0.0,0.0,0.0,0.0,0.0,0.0,0.0,0.0
22900.7348,73326.42,77176.0,93.7300,34.7100,0.0,2335.16,437.970,185.120,0.0,0.0,0.0,0.0,0.0,0.0,0.0,0.0,0.0,195.880,0.0,0.0,0.0,0.0,0.0,0.0,0.0,0.0,75.9000,15.9600,0.0,0.0,0.0,0.0,0.0,0.0,0.0,79.6600,0.0,0.0,0.0,0.0,0.0,0.0,0.0,0.0,0.0,0.0,0.0,0.0,0.0,0.0,0.0,0.0,13.3600,0.0,0.0,0.0,0.0,0.0,0.0,0.0,0.0,0.0,0.0,0.0,0.0,0.0,0.0,0.0,0.0,0.0,0.0
22913.5172,73331.42,77176.0,516.680,0.0,0.0,1948.55,26.9,278.880,130.550,0.0,0.0,0.0,0.0,0.0,0.0,0.0,0.0,84.2300,0.0,0.0,0.0,0.0,0.0,0.0,0.0,0.0,0.0,14.45,0.0,0.0,0.0,0.0,0.0,0.0,0.0,124.07,0.0,0.0,12.2800,112.350,0.0,0.0,0.0,0.0,0.0,0.0,0.0,0.0,0.0,0.0,0.0,0.0,0.0,0.0,0.0,0.0,0.0,0.0,0.0,0.0,0.0,0.0,0.0,0.0,0.0,0.0,0.0,0.0,0.0,0.0,0.0
22926.2996,73336.42,77176.0,356.920,0.0,0.0,4147.05,262.970,202.730,178.970,43.0300,0.0,0.0,0.0,0.0,0.0,60.25,0.0,35.1200,28.98,0.0,0.0,0.0,0.0,0.0,11.35,0.0,0.0,20.75,0.0,0.0,0.0,0.0,0.0,0.0,0.0,23.2800,0.0,0.0,0.0,32.84,0.0,0.0,57.1200,0.0,0.0,0.0,0.0,0.0,0.0,0.0,0.0,0.0,0.0,0.0,0.0,0.0,0.0,0.0,0.0,0.0,0.0,0.0,0.0,0.0,0.0,0.0,0.0,0.0,0.0,0.0,0.0
22939.082,73341.42,77176.0,529.360,0.0,72.9000,2960.38,374.300,251.680,45.7000,0.0,0.0,0.0,15.45,0.0,0.0,21.8000,0.0,86.8600,80.2000,0.0,0.0,0.0,0.0,0.0,0.0,0.0,0.0,43.34,0.0,0.0,0.0,0.0,0.0,0.0,0.0,0.0,0.0,0.0,0.0,45.9200,0.0,0.0,0.0,0.0,0.0,0.0,0.0,0.0,0.0,0.0,0.0,0.0,0.0,0.0,0.0,0.0,0.0,0.0,0.0,0.0,0.0,0.0,0.0,0.0,0.0,0.0,0.0,0.0,0.0,0.0,0.0
22950.7992,73346.42,77176.0,492.020,0.0,0.0,2482.82,300.780,182.850,20.35,0.0,0.0,0.0,0.0,18.76,0.0,39.9000,0.0,124.68,0.0,0.0,0.0,0.0,0.0,0.0,0.0,0.0,0.0,0.0,0.0,0.0,0.0,0.0,0.0,0.0,0.0,0.0,0.0,0.0,0.0,0.0,0.0,0.0,0.0,0.0,0.0,0.0,0.0,0.0,21.76,0.0,0.0,0.0,0.0,0.0,0.0,0.0,0.0,0.0,0.0,0.0,0.0,0.0,0.0,0.0,0.0,0.0,0.0,0.0,0.0,40.52,0.0
22963.5816,73351.42,77176.0,367.190,0.0,0.0,1829.94,200.090,190.800,27.75,0.0,0.0,0.0,0.0,0.0,34.16,0.0,0.0,64.6600,15.45,0.0,0.0,0.0,0.0,0.0,0.0,0.0,0.0,0.0,0.0,0.0,0.0,0.0,0.0,0.0,0.0,81.3000,0.0,0.0,0.0,0.0,0.0,113.850,0.0,0.0,0.0,0.0,0.0,0.0,0.0,0.0,0.0,0.0,0.0,0.0,0.0,0.0,0.0,0.0,0.0,0.0,0.0,0.0,0.0,0.0,0.0,0.0,0.0,0.0,0.0,0.0,0.0
22976.364,73356.42,77176.0,225.770,13.68,0.0,1356.12,551.360,249.160,0.0,0.0,0.0,0.0,0.0,0.0,0.0,0.0,0.0,52.0100,0.0,0.0,0.0,16.2800,0.0,0.0,0.0,0.0,57.7200,0.0,0.0,0.0,0.0,0.0,0.0,0.0,0.0,17.8000,0.0,0.0,0.0,0.0,0.0,22.9,0.0,0.0,0.0,0.0,0.0,0.0,0.0,0.0,0.0,0.0,0.0,0.0,0.0,0.0,0.0,0.0,0.0,0.0,0.0,0.0,0.0,0.0,0.0,0.0,0.0,0.0,0.0,0.0,0.0
22988.0812,73361.42,77176.0,157.330,0.0,0.0,2164.79,363.300,526.430,0.0,0.0,0.0,0.0,0.0,0.0,0.0,0.0,0.0,60.4400,0.0,0.0,0.0,0.0,0.0,0.0,90.4500,45.7600,0.0,0.0,0.0,0.0,0.0,0.0,0.0,0.0,0.0,0.0,0.0,0.0,56.3000,0.0,0.0,0.0,0.0,0.0,0.0,0.0,0.0,0.0,0.0,0.0,0.0,0.0,19.0,0.0,0.0,0.0,0.0,0.0,0.0,0.0,0.0,0.0,0.0,0.0,0.0,0.0,0.0,0.0,0.0,0.0,0.0
23000.8636,73366.42,77176.0,357.690,0.0,0.0,2354.31,144.670,245.180,76.8100,0.0,0.0,0.0,0.0,0.0,0.0,0.0,16.65,114.510,0.0,0.0,0.0,0.0,0.0,0.0,15.95,0.0,0.0,0.0,23.75,0.0,0.0,0.0,0.0,0.0,0.0,0.0,0.0,0.0,0.0,15.92,0.0,0.0,0.0,0.0,0.0,27.3000,0.0,0.0,0.0,0.0,0.0,0.0,38.0,0.0,0.0,0.0,0.0,0.0,0.0,0.0,0.0,0.0,0.0,0.0,13.48,0.0,0.0,0.0,0.0,0.0,0.0
23013.646,73371.42,77176.0,400.480,0.0,0.0,3423.32,373.570,87.8100,0.0,0.0,0.0,0.0,0.0,0.0,0.0,0.0,0.0,66.93,0.0,0.0,0.0,0.0,0.0,0.0,48.7000,0.0,39.4500,0.0,40.1700,0.0,0.0,0.0,0.0,0.0,0.0,16.35,0.0,0.0,45.1100,0.0,0.0,0.0,0.0,0.0,0.0,0.0,0.0,0.0,0.0,0.0,0.0,0.0,0.0,0.0,0.0,0.0,0.0,0.0,0.0,0.0,0.0,0.0,0.0,0.0,0.0,0.0,0.0,0.0,0.0,0.0,0.0
23026.4284,73376.42,77176.0,416.520,0.0,0.0,4216.40,129.690,139.660,80.6300,0.0,0.0,0.0,11.7200,0.0,0.0,49.9500,33.18,432.0,0.0,0.0,0.0,0.0,0.0,0.0,11.2,0.0,0.0,0.0,0.0,0.0,0.0,0.0,0.0,0.0,0.0,26.16,0.0,0.0,0.0,0.0,0.0,0.0,0.0,0.0,0.0,0.0,0.0,0.0,0.0,0.0,0.0,0.0,0.0,0.0,0.0,0.0,0.0,0.0,0.0,0.0,0.0,0.0,0.0,0.0,0.0,0.0,0.0,0.0,0.0,0.0,0.0
23038.1456,73381.42,77176.0,188.850,0.0,0.0,3865.60,226.590,165.220,13.5,0.0,0.0,0.0,0.0,0.0,0.0,152.350,0.0,170.600,0.0,0.0,0.0,0.0,0.0,0.0,0.0,0.0,15.05,0.0,0.0,0.0,0.0,0.0,0.0,0.0,19.0,0.0,0.0,0.0,0.0,0.0,0.0,0.0,0.0,0.0,0.0,0.0,18.52,0.0,0.0,0.0,0.0,0.0,0.0,0.0,0.0,0.0,0.0,0.0,0.0,0.0,0.0,0.0,0.0,0.0,0.0,0.0,0.0,0.0,0.0,0.0,0.0
23050.928,73386.42,77176.0,170.690,0.0,0.0,2581.20,191.110,299.960,28.48,0.0,0.0,0.0,0.0,16.32,0.0,116.790,0.0,154.210,0.0,10.15,0.0,0.0,0.0,0.0,19.6400,0.0,0.0,150.270,0.0,0.0,0.0,0.0,0.0,0.0,38.0,0.0,0.0,0.0,0.0,0.0,0.0,0.0,0.0,0.0,0.0,0.0,0.0,0.0,0.0,0.0,0.0,0.0,0.0,0.0,0.0,0.0,0.0,0.0,0.0,0.0,0.0,0.0,0.0,0.0,0.0,0.0,0.0,0.0,0.0,0.0,0.0
23063.7104,73391.42,77176.0,69.4200,0.0,0.0,2261.77,349.420,294.590,67.0,0.0,0.0,0.0,0.0,0.0,0.0,0.0,0.0,586.270,0.0,0.0,0.0,0.0,0.0,0.0,49.1000,0.0,0.0,0.0,0.0,0.0,0.0,0.0,0.0,0.0,0.0,14.48,0.0,0.0,0.0,0.0,0.0,0.0,0.0,0.0,0.0,0.0,0.0,0.0,0.0,0.0,0.0,0.0,0.0,0.0,0.0,0.0,0.0,0.0,0.0,0.0,0.0,0.0,0.0,0.0,0.0,0.0,0.0,0.0,0.0,0.0,0.0
23076.4928,73396.42,77176.0,285.240,0.0,0.0,1932.08,211.820,204.410,0.0,0.0,0.0,0.0,0.0,0.0,0.0,54.0,0.0,139.460,0.0,0.0,0.0,0.0,0.0,0.0,0.0,0.0,0.0,49.4200,0.0,0.0,0.0,0.0,0.0,0.0,0.0,0.0,0.0,0.0,26.65,56.5,0.0,0.0,0.0,0.0,0.0,0.0,0.0,0.0,0.0,0.0,0.0,0.0,0.0,0.0,0.0,0.0,38.5500,0.0,0.0,0.0,0.0,0.0,0.0,0.0,0.0,10.1,0.0,0.0,0.0,0.0,0.0
23088.21,73401.42,77176.0,193.0,0.0,0.0,2364.18,116.960,410.310,50.1000,0.0,0.0,0.0,0.0,0.0,0.0,12.75,34.9500,54.8500,0.0,16.35,0.0,0.0,0.0,51.0,0.0,0.0,0.0,0.0,0.0,0.0,0.0,0.0,0.0,0.0,0.0,0.0,0.0,0.0,0.0,0.0,0.0,0.0,41.8500,0.0,0.0,0.0,0.0,0.0,0.0,0.0,0.0,0.0,0.0,0.0,0.0,0.0,0.0,0.0,0.0,0.0,0.0,0.0,0.0,0.0,0.0,20.2000,0.0,0.0,0.0,0.0,0.0
23100.9924,73406.42,77176.0,287.700,0.0,0.0,2832.19,142.810,249.350,0.0,0.0,0.0,0.0,0.0,0.0,0.0,0.0,0.0,35.3500,0.0,0.0,0.0,0.0,0.0,0.0,144.620,0.0,0.0,0.0,0.0,0.0,0.0,0.0,0.0,0.0,0.0,0.0,0.0,0.0,0.0,10.2,0.0,0.0,0.0,0.0,0.0,0.0,0.0,0.0,0.0,0.0,0.0,0.0,0.0,0.0,0.0,0.0,0.0,0.0,0.0,0.0,0.0,0.0,0.0,0.0,0.0,0.0,0.0,0.0,0.0,0.0,0.0
23113.7748,73411.42,77176.0,360.190,0.0,0.0,2823.37,35.9500,374.860,25.8000,60.4500,0.0,0.0,0.0,0.0,0.0,19.4500,17.0500,58.2000,0.0,0.0,0.0,0.0,0.0,0.0,0.0,0.0,0.0,36.66,0.0,0.0,0.0,0.0,0.0,0.0,0.0,0.0,0.0,0.0,0.0,0.0,0.0,0.0,0.0,0.0,0.0,0.0,0.0,0.0,0.0,0.0,0.0,0.0,0.0,0.0,0.0,0.0,0.0,0.0,0.0,0.0,0.0,0.0,0.0,0.0,0.0,0.0,0.0,0.0,0.0,0.0,0.0
23126.5572,73416.42,77176.0,545.040,0.0,0.0,2921.34,131.280,318.060,0.0,0.0,0.0,0.0,0.0,0.0,0.0,39.75,14.3600,77.2700,0.0,0.0,0.0,0.0,0.0,0.0,0.0,0.0,0.0,0.0,0.0,0.0,0.0,0.0,0.0,0.0,0.0,0.0,0.0,0.0,0.0,16.0400,0.0,54.16,0.0,0.0,0.0,0.0,0.0,0.0,0.0,0.0,0.0,0.0,0.0,0.0,0.0,0.0,0.0,0.0,0.0,0.0,0.0,0.0,0.0,0.0,0.0,0.0,0.0,0.0,0.0,0.0,0.0
23138.2744,73421.42,77176.0,164.980,0.0,0.0,3540.32,250.360,171.610,94.7700,0.0,0.0,0.0,0.0,0.0,0.0,39.4500,12.04,24.84,0.0,0.0,0.0,0.0,0.0,0.0,0.0,0.0,0.0,0.0,0.0,0.0,0.0,0.0,0.0,0.0,0.0,7.84,0.0,0.0,0.0,13.6,0.0,124.010,0.0,0.0,0.0,0.0,0.0,0.0,0.0,0.0,0.0,0.0,0.0,0.0,0.0,0.0,0.0,0.0,0.0,0.0,0.0,0.0,0.0,0.0,0.0,0.0,0.0,0.0,0.0,0.0,0.0
23151.0568,73426.42,77176.0,423.610,0.0,0.0,2378.61,108.520,194.900,29.9,0.0,0.0,21.15,0.0,0.0,0.0,14.9,0.0,95.4500,0.0,0.0,0.0,0.0,0.0,0.0,31.48,0.0,0.0,0.0,0.0,0.0,0.0,0.0,0.0,0.0,0.0,19.5500,0.0,0.0,0.0,0.0,0.0,0.0,0.0,0.0,0.0,0.0,0.0,0.0,0.0,0.0,0.0,0.0,0.0,0.0,0.0,0.0,0.0,0.0,0.0,0.0,0.0,0.0,0.0,0.0,0.0,0.0,0.0,0.0,32.5500,0.0,0.0
23163.8392,73431.42,77176.0,654.280,0.0,0.0,3062.78,346.080,417.790,0.0,0.0,0.0,0.0,0.0,0.0,0.0,20.4500,0.0,112.880,0.0,0.0,0.0,0.0,0.0,0.0,22.6,0.0,8.28000,14.95,0.0,0.0,0.0,0.0,0.0,0.0,0.0,0.0,0.0,0.0,0.0,0.0,11.88,0.0,0.0,0.0,0.0,0.0,0.0,0.0,0.0,0.0,0.0,0.0,0.0,0.0,0.0,0.0,0.0,0.0,0.0,0.0,0.0,0.0,0.0,0.0,0.0,0.0,0.0,0.0,0.0,0.0,0.0
23176.6216,73436.42,77176.0,63.48,0.0,0.0,2227.86,144.260,160.820,32.9000,0.0,0.0,0.0,0.0,0.0,0.0,95.1900,0.0,28.9600,0.0,0.0,0.0,0.0,0.0,0.0,22.65,0.0,0.0,62.7200,0.0,0.0,57.5400,0.0,0.0,0.0,15.0,0.0,0.0,0.0,0.0,0.0,0.0,0.0,0.0,0.0,0.0,0.0,0.0,69.3000,0.0,0.0,0.0,0.0,0.0,0.0,0.0,0.0,0.0,0.0,0.0,0.0,0.0,0.0,0.0,0.0,0.0,0.0,0.0,0.0,0.0,0.0,0.0
23188.3388,73441.42,77176.0,454.280,0.0,0.0,2492.41,256.490,164.110,123.100,0.0,0.0,0.0,31.59,0.0,0.0,62.9500,0.0,155.020,0.0,0.0,0.0,0.0,0.0,0.0,60.4600,0.0,0.0,0.0,0.0,0.0,0.0,0.0,0.0,0.0,0.0,64.8400,0.0,0.0,0.0,0.0,0.0,0.0,0.0,0.0,0.0,0.0,0.0,0.0,0.0,0.0,0.0,0.0,82.7400,0.0,0.0,0.0,0.0,0.0,0.0,0.0,0.0,0.0,0.0,0.0,0.0,39.52,0.0,0.0,0.0,0.0,0.0
23201.1212,73446.42,77176.0,126.5,0.0,0.0,1384.83,126.020,233.25,34.3000,40.82,0.0,0.0,0.0,0.0,0.0,149.930,0.0,22.1,22.65,0.0,0.0,0.0,0.0,0.0,16.75,0.0,0.0,0.0,0.0,0.0,0.0,0.0,0.0,0.0,23.7000,61.0400,0.0,0.0,0.0,0.0,0.0,0.0,19.5500,0.0,0.0,0.0,0.0,0.0,0.0,0.0,0.0,0.0,0.0,0.0,0.0,0.0,0.0,0.0,0.0,0.0,0.0,0.0,0.0,0.0,0.0,16.4,0.0,0.0,0.0,0.0,0.0
23213.9036,73451.42,77176.0,182.430,0.0,0.0,2753.73,379.470,230.940,0.0,0.0,0.0,0.0,0.0,0.0,0.0,11.7200,0.0,21.65,12.4,0.0,0.0,0.0,0.0,0.0,12.65,0.0,0.0,7.44,0.0,0.0,0.0,0.0,0.0,0.0,23.7000,65.1000,0.0,0.0,0.0,0.0,0.0,0.0,0.0,0.0,42.6000,0.0,0.0,0.0,0.0,0.0,0.0,0.0,0.0,0.0,0.0,0.0,0.0,0.0,0.0,0.0,0.0,0.0,0.0,0.0,0.0,0.0,0.0,0.0,0.0,0.0,0.0
23226.686,73456.42,77176.0,117.140,11.4400,0.0,1874.41,171.180,123.920,0.0,0.0,0.0,0.0,0.0,0.0,0.0,0.0,0.0,46.7100,0.0,0.0,0.0,0.0,0.0,0.0,20.24,0.0,0.0,87.0800,0.0,0.0,0.0,0.0,0.0,0.0,52.5400,49.2800,0.0,0.0,0.0,21.5500,0.0,67.0300,0.0,0.0,0.0,0.0,0.0,0.0,0.0,0.0,0.0,0.0,0.0,0.0,0.0,0.0,0.0,0.0,0.0,0.0,0.0,0.0,0.0,0.0,0.0,0.0,0.0,0.0,0.0,0.0,0.0
23238.4032,73461.42,77176.0,84.3000,13.08,0.0,1676.99,126.080,99.0100,33.43,0.0,0.0,0.0,0.0,0.0,0.0,24.9600,0.0,53.8000,10.9,0.0,34.9500,0.0,0.0,0.0,30.9,0.0,39.5600,0.0,0.0,0.0,0.0,0.0,0.0,0.0,0.0,0.0,0.0,0.0,0.0,43.1000,0.0,0.0,0.0,0.0,0.0,0.0,0.0,0.0,0.0,0.0,0.0,0.0,11.12,0.0,0.0,0.0,0.0,0.0,0.0,0.0,0.0,0.0,0.0,0.0,0.0,0.0,0.0,0.0,0.0,0.0,0.0
23251.1856,73466.42,77176.0,282.370,32.7000,0.0,2647.33,89.2600,311.860,179.5,0.0,0.0,0.0,0.0,0.0,0.0,0.0,0.0,188.730,0.0,0.0,0.0,0.0,0.0,0.0,0.0,0.0,0.0,0.0,0.0,0.0,0.0,0.0,0.0,0.0,0.0,0.0,0.0,0.0,0.0,0.0,0.0,0.0,16.84,0.0,0.0,0.0,0.0,0.0,0.0,0.0,0.0,0.0,27.8000,0.0,0.0,0.0,0.0,0.0,0.0,0.0,0.0,0.0,0.0,0.0,0.0,0.0,0.0,0.0,0.0,0.0,0.0
23263.968,73471.42,77176.0,360.650,0.0,0.0,1911.70,14.3,266.850,27.0500,0.0,0.0,0.0,0.0,0.0,0.0,12.65,0.0,89.1000,0.0,0.0,0.0,0.0,0.0,0.0,138.150,0.0,0.0,30.6,0.0,0.0,0.0,0.0,0.0,0.0,0.0,39.4000,0.0,0.0,0.0,0.0,0.0,0.0,0.0,0.0,0.0,0.0,0.0,0.0,0.0,0.0,0.0,0.0,0.0,0.0,0.0,0.0,0.0,0.0,0.0,0.0,0.0,0.0,0.0,0.0,0.0,0.0,0.0,0.0,0.0,0.0,0.0
23276.7504,73476.42,77176.0,238.75,0.0,0.0,1356.40,95.2100,121.120,42.2000,0.0,0.0,0.0,0.0,0.0,0.0,186.450,0.0,66.32,10.5600,0.0,0.0,0.0,0.0,0.0,33.6000,0.0,0.0,0.0,0.0,0.0,0.0,0.0,0.0,0.0,23.9500,0.0,0.0,0.0,0.0,56.27,49.2800,0.0,0.0,0.0,0.0,0.0,0.0,0.0,79.82,0.0,0.0,0.0,0.0,0.0,0.0,0.0,0.0,0.0,0.0,0.0,0.0,0.0,0.0,0.0,0.0,0.0,0.0,0.0,0.0,0.0,0.0
23288.4676,73481.42,77176.0,377.140,0.0,0.0,1124.16,123.840,292.410,83.7600,0.0,0.0,0.0,0.0,0.0,0.0,0.0,0.0,20.8800,0.0,0.0,0.0,0.0,0.0,0.0,0.0,0.0,0.0,0.0,0.0,0.0,0.0,0.0,0.0,0.0,47.9000,56.7000,0.0,0.0,0.0,23.3000,37.8000,0.0,0.0,0.0,0.0,0.0,0.0,0.0,0.0,0.0,0.0,0.0,0.0,0.0,0.0,0.0,0.0,0.0,0.0,0.0,0.0,0.0,0.0,0.0,0.0,0.0,0.0,0.0,0.0,0.0,0.0
23301.25,73486.42,77176.0,155.790,0.0,0.0,2599.02,501.560,119.990,72.9100,0.0,0.0,0.0,0.0,0.0,0.0,10.95,0.0,44.75,0.0,0.0,0.0,0.0,0.0,0.0,0.0,0.0,0.0,62.8500,0.0,0.0,0.0,0.0,0.0,0.0,0.0,0.0,0.0,0.0,0.0,0.0,0.0,0.0,0.0,0.0,0.0,0.0,0.0,0.0,0.0,0.0,0.0,0.0,0.0,0.0,0.0,0.0,0.0,0.0,0.0,0.0,0.0,0.0,0.0,0.0,0.0,0.0,0.0,0.0,0.0,0.0,0.0
23314.0324,73491.42,77176.0,418.320,0.0,0.0,2423.28,81.4500,59.8800,23.01,0.0,0.0,0.0,0.0,0.0,0.0,0.0,0.0,34.2000,18.6,0.0,0.0,0.0,0.0,0.0,58.8000,0.0,0.0,0.0,0.0,0.0,0.0,0.0,0.0,0.0,0.0,19.4500,0.0,0.0,0.0,9.52,0.0,22.2000,0.0,0.0,0.0,0.0,0.0,0.0,0.0,0.0,0.0,0.0,0.0,0.0,0.0,0.0,0.0,0.0,0.0,0.0,0.0,0.0,0.0,0.0,0.0,0.0,0.0,0.0,0.0,0.0,0.0
23326.8148,73496.42,77176.0,220.0,0.0,0.0,2187.68,56.4400,116.800,46.7900,0.0,0.0,0.0,83.7200,0.0,0.0,0.0,0.0,32.4000,25.0500,0.0,0.0,0.0,0.0,0.0,33.8000,0.0,0.0,12.8,0.0,0.0,0.0,0.0,0.0,0.0,0.0,16.3000,0.0,0.0,0.0,0.0,0.0,0.0,0.0,0.0,0.0,0.0,0.0,0.0,0.0,0.0,0.0,0.0,0.0,0.0,0.0,0.0,0.0,0.0,0.0,0.0,0.0,0.0,0.0,0.0,0.0,0.0,0.0,0.0,0.0,0.0,0.0
23338.532,73501.42,77176.0,420.800,0.0,0.0,1830.67,88.5900,344.560,20.8000,0.0,0.0,0.0,0.0,0.0,0.0,24.92,0.0,16.2800,0.0,0.0,0.0,0.0,0.0,0.0,0.0,0.0,0.0,91.7800,0.0,0.0,0.0,0.0,0.0,0.0,0.0,0.0,0.0,0.0,0.0,0.0,0.0,45.0800,0.0,0.0,0.0,0.0,55.0500,0.0,0.0,0.0,0.0,0.0,0.0,0.0,0.0,0.0,0.0,0.0,0.0,0.0,12.92,0.0,0.0,0.0,0.0,0.0,0.0,0.0,0.0,0.0,0.0
23351.3144,73506.42,77176.0,558.680,50.82,0.0,2343.69,203.790,222.600,47.5,0.0,0.0,0.0,0.0,0.0,0.0,156.450,0.0,0.0,0.0,0.0,0.0,0.0,0.0,0.0,0.0,0.0,0.0,11.96,0.0,0.0,0.0,0.0,0.0,0.0,0.0,0.0,0.0,0.0,0.0,10.32,0.0,0.0,0.0,0.0,0.0,0.0,0.0,0.0,0.0,0.0,0.0,0.0,0.0,0.0,0.0,0.0,0.0,0.0,0.0,0.0,0.0,0.0,0.0,0.0,0.0,0.0,0.0,0.0,0.0,0.0,0.0
23364.0968,73511.42,77176.0,553.740,60.0,13.9,1985.59,237.560,335.100,62.7800,0.0,0.0,0.0,0.0,0.0,0.0,0.0,0.0,281.240,0.0,0.0,0.0,0.0,0.0,0.0,0.0,0.0,0.0,0.0,0.0,0.0,0.0,0.0,0.0,0.0,0.0,0.0,0.0,0.0,0.0,48.9900,0.0,0.0,0.0,0.0,0.0,0.0,0.0,0.0,0.0,0.0,0.0,0.0,0.0,0.0,0.0,0.0,0.0,67.2000,0.0,0.0,0.0,0.0,0.0,0.0,0.0,0.0,0.0,0.0,0.0,0.0,0.0
23376.8792,73516.42,77176.0,784.090,65.0,0.0,2175.38,182.820,361.620,44.5500,27.35,0.0,0.0,0.0,0.0,0.0,109.400,0.0,9.7,38.1000,0.0,0.0,0.0,0.0,0.0,35.3600,0.0,0.0,0.0,0.0,0.0,0.0,0.0,0.0,0.0,0.0,18.4500,0.0,0.0,0.0,0.0,0.0,0.0,0.0,0.0,0.0,0.0,0.0,0.0,0.0,0.0,0.0,0.0,0.0,0.0,0.0,0.0,0.0,0.0,0.0,0.0,0.0,17.1,0.0,0.0,0.0,0.0,0.0,0.0,0.0,0.0,0.0
23388.5964,73521.42,77176.0,81.8000,0.0,0.0,1767.09,108.830,457.260,49.8000,0.0,0.0,0.0,0.0,0.0,0.0,0.0,0.0,48.75,25.85,39.3900,0.0,0.0,0.0,0.0,0.0,0.0,33.7600,39.3500,0.0,0.0,0.0,0.0,49.4000,0.0,13.85,36.9000,0.0,0.0,0.0,77.0900,0.0,18.5600,0.0,0.0,0.0,0.0,0.0,0.0,0.0,0.0,0.0,0.0,0.0,0.0,0.0,0.0,0.0,0.0,0.0,0.0,0.0,0.0,0.0,0.0,24.6,0.0,0.0,0.0,0.0,21.25,0.0
23401.3788,73526.42,77176.0,182.220,0.0,0.0,2230.70,267.040,429.470,28.4500,0.0,0.0,0.0,0.0,0.0,0.0,0.0,0.0,0.0,43.7800,0.0,0.0,0.0,0.0,0.0,59.8900,0.0,0.0,0.0,0.0,0.0,0.0,0.0,0.0,0.0,0.0,0.0,0.0,0.0,0.0,0.0,0.0,63.2000,0.0,0.0,0.0,0.0,0.0,0.0,0.0,0.0,0.0,0.0,0.0,0.0,0.0,0.0,0.0,0.0,0.0,0.0,0.0,0.0,13.55,0.0,0.0,0.0,0.0,0.0,0.0,0.0,0.0
23414.1612,73531.42,77176.0,196.700,0.0,0.0,1816.49,236.340,168.060,113.160,0.0,0.0,0.0,0.0,0.0,0.0,0.0,0.0,120.140,0.0,0.0,0.0,0.0,0.0,0.0,0.0,0.0,0.0,0.0,0.0,0.0,0.0,0.0,0.0,0.0,0.0,0.0,0.0,0.0,0.0,0.0,0.0,0.0,0.0,0.0,0.0,0.0,0.0,0.0,0.0,0.0,0.0,0.0,0.0,0.0,0.0,0.0,18.35,0.0,0.0,0.0,0.0,0.0,21.68,0.0,0.0,0.0,0.0,0.0,0.0,0.0,0.0
23425.8784,73536.42,77176.0,261.210,0.0,0.0,3301.68,83.8400,79.1200,0.0,34.9500,0.0,0.0,0.0,0.0,0.0,57.6000,0.0,81.1500,0.0,0.0,0.0,0.0,0.0,0.0,0.0,0.0,0.0,24.4,0.0,0.0,0.0,0.0,0.0,0.0,0.0,0.0,0.0,0.0,0.0,0.0,42.5,0.0,0.0,0.0,0.0,0.0,0.0,0.0,0.0,0.0,0.0,0.0,0.0,0.0,0.0,0.0,36.7000,0.0,0.0,0.0,0.0,0.0,0.0,0.0,0.0,0.0,0.0,0.0,0.0,0.0,0.0
23438.6608,73541.42,77176.0,639.210,175.730,35.2400,3620.88,60.1200,156.660,108.670,0.0,0.0,0.0,0.0,0.0,0.0,0.0,0.0,41.8600,0.0,0.0,0.0,0.0,82.1600,0.0,25.5,0.0,66.1500,0.0,0.0,0.0,0.0,0.0,0.0,0.0,0.0,17.2000,0.0,0.0,0.0,0.0,0.0,11.5,0.0,0.0,0.0,0.0,0.0,0.0,0.0,0.0,0.0,0.0,0.0,0.0,0.0,0.0,0.0,0.0,0.0,0.0,0.0,0.0,0.0,0.0,0.0,0.0,0.0,0.0,0.0,0.0,0.0
23451.4432,73546.42,77176.0,440.800,21.4,0.0,3483.40,9.92,97.6200,99.4000,0.0,0.0,0.0,0.0,0.0,0.0,30.42,0.0,50.2600,61.48,0.0,0.0,0.0,0.0,0.0,12.76,0.0,0.0,36.8500,0.0,0.0,0.0,0.0,0.0,0.0,0.0,0.0,0.0,0.0,0.0,0.0,14.1600,30.0500,0.0,0.0,0.0,0.0,0.0,0.0,0.0,0.0,0.0,0.0,0.0,0.0,0.0,0.0,0.0,0.0,0.0,0.0,0.0,0.0,0.0,0.0,0.0,11.3,0.0,0.0,0.0,0.0,0.0
23464.2256,73551.42,77176.0,206.980,14.35,0.0,3221.93,209.560,235.530,42.4000,0.0,0.0,0.0,0.0,0.0,0.0,0.0,0.0,107.330,0.0,0.0,18.0500,0.0,0.0,0.0,0.0,0.0,0.0,24.5600,0.0,0.0,0.0,0.0,0.0,0.0,0.0,0.0,0.0,0.0,0.0,14.2800,0.0,0.0,0.0,0.0,0.0,0.0,9.88,0.0,40.8300,0.0,0.0,0.0,0.0,0.0,0.0,0.0,0.0,0.0,0.0,0.0,0.0,0.0,0.0,0.0,0.0,0.0,0.0,0.0,0.0,0.0,0.0
23475.9428,73556.42,77176.0,52.3500,14.85,0.0,3773.41,128.0,299.680,11.24,0.0,0.0,0.0,41.8000,0.0,0.0,49.1000,0.0,77.0,0.0,0.0,0.0,0.0,0.0,0.0,0.0,0.0,10.36,26.5,0.0,0.0,0.0,0.0,0.0,0.0,17.15,0.0,0.0,0.0,0.0,0.0,0.0,0.0,0.0,0.0,0.0,0.0,0.0,0.0,0.0,0.0,0.0,0.0,0.0,0.0,0.0,0.0,0.0,0.0,0.0,0.0,0.0,0.0,0.0,0.0,0.0,0.0,0.0,0.0,0.0,0.0,0.0
23488.7252,73561.42,77176.0,373.450,0.0,0.0,4137.81,165.700,8.52,145.550,0.0,0.0,0.0,0.0,0.0,0.0,64.1200,0.0,42.7000,18.52,0.0,0.0,10.0,0.0,0.0,16.3000,24.16,0.0,10.2800,0.0,0.0,0.0,0.0,0.0,0.0,14.56,0.0,0.0,0.0,0.0,0.0,0.0,0.0,0.0,0.0,0.0,0.0,0.0,0.0,0.0,0.0,0.0,0.0,0.0,0.0,0.0,0.0,0.0,0.0,0.0,0.0,0.0,0.0,0.0,0.0,0.0,0.0,0.0,0.0,0.0,0.0,0.0
23501.5076,73566.42,77176.0,298.590,0.0,0.0,3648.37,20.6300,106.07,96.3700,0.0,0.0,0.0,0.0,0.0,0.0,0.0,0.0,99.9700,0.0,0.0,0.0,25.0,0.0,0.0,0.0,0.0,0.0,0.0,0.0,0.0,0.0,0.0,0.0,0.0,0.0,0.0,0.0,0.0,0.0,0.0,0.0,0.0,0.0,0.0,0.0,0.0,0.0,0.0,16.75,0.0,0.0,0.0,0.0,0.0,0.0,0.0,0.0,0.0,0.0,0.0,0.0,0.0,0.0,0.0,0.0,0.0,0.0,0.0,0.0,0.0,0.0
23514.29,73571.42,77176.0,140.300,26.5500,19.0400,2769.82,278.940,126.75,85.9900,0.0,0.0,0.0,0.0,0.0,0.0,70.2800,0.0,91.1500,0.0,0.0,0.0,0.0,0.0,0.0,9.84,0.0,0.0,17.65,0.0,0.0,0.0,0.0,0.0,0.0,0.0,0.0,0.0,0.0,0.0,0.0,0.0,0.0,0.0,0.0,0.0,0.0,0.0,0.0,0.0,0.0,0.0,0.0,0.0,0.0,0.0,0.0,0.0,0.0,0.0,0.0,0.0,0.0,0.0,0.0,0.0,0.0,0.0,0.0,0.0,0.0,0.0
23526.0072,73576.42,77176.0,458.550,14.9600,0.0,3070.31,174.820,250.670,182.830,0.0,0.0,0.0,0.0,0.0,0.0,0.0,0.0,111.280,0.0,0.0,0.0,0.0,0.0,0.0,136.140,0.0,0.0,20.23,0.0,0.0,0.0,0.0,0.0,0.0,0.0,0.0,0.0,0.0,0.0,0.0,0.0,0.0,16.0,55.7200,0.0,0.0,0.0,0.0,0.0,0.0,0.0,0.0,11.8,0.0,0.0,0.0,0.0,0.0,0.0,0.0,0.0,0.0,0.0,0.0,0.0,0.0,0.0,0.0,0.0,0.0,0.0
23538.7896,73581.42,77176.0,217.940,0.0,0.0,3505.26,422.770,510.120,0.0,0.0,0.0,0.0,93.75,0.0,0.0,27.75,0.0,29.2000,52.9500,0.0,0.0,0.0,0.0,0.0,0.0,0.0,0.0,54.4700,0.0,0.0,0.0,0.0,0.0,0.0,0.0,27.25,0.0,0.0,0.0,0.0,0.0,0.0,40.0,0.0,0.0,0.0,0.0,0.0,0.0,0.0,0.0,0.0,0.0,0.0,0.0,0.0,0.0,0.0,0.0,0.0,0.0,0.0,0.0,0.0,0.0,0.0,0.0,0.0,0.0,0.0,0.0
23551.572,73586.42,77176.0,125.0,0.0,0.0,4482.44,149.600,320.210,49.5300,0.0,0.0,0.0,0.0,0.0,0.0,22.0500,54.73,166.690,34.75,0.0,0.0,0.0,0.0,0.0,0.0,0.0,0.0,74.9000,0.0,0.0,0.0,0.0,0.0,0.0,0.0,0.0,0.0,0.0,0.0,11.0,0.0,33.4000,0.0,0.0,0.0,0.0,0.0,0.0,0.0,0.0,0.0,0.0,0.0,0.0,0.0,0.0,0.0,0.0,0.0,0.0,0.0,0.0,0.0,0.0,0.0,0.0,0.0,0.0,0.0,0.0,0.0
23564.3544,73591.42,77176.0,274.100,0.0,0.0,5085.38,101.43,310.580,52.6400,18.8000,0.0,0.0,0.0,0.0,0.0,78.1500,35.73,20.8000,57.0800,0.0,0.0,0.0,0.0,0.0,0.0,0.0,0.0,25.76,0.0,0.0,0.0,0.0,0.0,0.0,46.9200,73.5,0.0,0.0,0.0,0.0,0.0,0.0,0.0,0.0,0.0,0.0,0.0,0.0,0.0,0.0,0.0,0.0,54.8800,0.0,0.0,0.0,0.0,0.0,0.0,0.0,0.0,0.0,0.0,0.0,0.0,17.4500,0.0,0.0,0.0,0.0,0.0
23576.0716,73596.42,77176.0,492.820,0.0,0.0,4584.86,631.420,317.270,212.950,37.6000,0.0,0.0,0.0,41.2100,0.0,26.6,21.4,89.18,0.0,0.0,0.0,0.0,0.0,0.0,0.0,0.0,0.0,0.0,0.0,0.0,0.0,0.0,0.0,0.0,0.0,40.3300,0.0,0.0,0.0,0.0,0.0,0.0,0.0,0.0,0.0,0.0,0.0,0.0,0.0,0.0,0.0,0.0,0.0,0.0,0.0,0.0,0.0,0.0,0.0,0.0,0.0,0.0,0.0,0.0,0.0,0.0,0.0,0.0,0.0,0.0,0.0
23588.854,73601.42,77176.0,59.2000,0.0,0.0,3255.30,391.600,362.050,85.9000,0.0,0.0,0.0,0.0,0.0,0.0,96.0,54.4500,32.9500,25.4500,0.0,0.0,0.0,0.0,0.0,0.0,0.0,0.0,0.0,0.0,0.0,0.0,0.0,0.0,0.0,0.0,51.3000,0.0,0.0,0.0,0.0,0.0,0.0,0.0,0.0,0.0,0.0,20.3000,0.0,0.0,0.0,0.0,0.0,0.0,0.0,0.0,0.0,0.0,0.0,0.0,0.0,0.0,0.0,0.0,0.0,0.0,0.0,0.0,0.0,0.0,0.0,0.0
23601.6364,73606.42,77176.0,317.690,56.1400,0.0,4943.78,229.270,247.600,0.0,0.0,0.0,0.0,0.0,0.0,0.0,50.5500,0.0,0.0,8.52,0.0,0.0,0.0,0.0,0.0,49.9500,0.0,0.0,0.0,0.0,0.0,0.0,0.0,0.0,32.4000,0.0,0.0,0.0,0.0,0.0,0.0,0.0,0.0,0.0,0.0,0.0,0.0,0.0,0.0,0.0,0.0,0.0,0.0,0.0,0.0,0.0,0.0,0.0,0.0,0.0,0.0,0.0,0.0,0.0,0.0,0.0,0.0,0.0,0.0,0.0,0.0,0.0
23614.4188,73611.42,77176.0,126.710,12.68,0.0,5208.19,150.590,632.530,54.1000,68.2900,0.0,0.0,0.0,0.0,0.0,0.0,0.0,23.3000,0.0,0.0,0.0,0.0,0.0,0.0,118.650,0.0,0.0,0.0,0.0,0.0,0.0,0.0,0.0,0.0,0.0,0.0,0.0,0.0,0.0,0.0,0.0,0.0,0.0,0.0,0.0,0.0,0.0,0.0,0.0,0.0,0.0,0.0,0.0,0.0,14.6,0.0,0.0,0.0,0.0,0.0,0.0,0.0,0.0,0.0,0.0,0.0,0.0,0.0,0.0,0.0,0.0
23626.136,73616.42,77176.0,507.330,0.0,0.0,5049.14,323.730,254.580,13.0,0.0,0.0,0.0,0.0,0.0,0.0,37.3500,0.0,43.2400,0.0,31.9500,0.0,0.0,0.0,0.0,0.0,0.0,15.5,0.0,0.0,0.0,0.0,0.0,0.0,0.0,15.3,32.7600,0.0,0.0,0.0,0.0,0.0,88.2000,0.0,0.0,0.0,0.0,0.0,0.0,0.0,0.0,0.0,0.0,0.0,0.0,0.0,0.0,0.0,0.0,0.0,0.0,0.0,0.0,0.0,0.0,11.76,0.0,0.0,0.0,0.0,0.0,0.0
23638.9184,73621.42,77176.0,413.580,0.0,0.0,4549.39,339.540,259.110,11.8,0.0,0.0,0.0,0.0,16.5,0.0,10.2,0.0,89.0500,85.0200,0.0,0.0,0.0,0.0,0.0,49.3900,0.0,29.76,8.76,68.1200,0.0,0.0,0.0,0.0,0.0,49.5,14.25,0.0,0.0,30.24,25.85,55.32,0.0,0.0,0.0,0.0,0.0,0.0,0.0,0.0,0.0,0.0,0.0,0.0,0.0,0.0,0.0,0.0,0.0,0.0,0.0,0.0,0.0,0.0,0.0,0.0,0.0,0.0,0.0,0.0,0.0,0.0
23651.7008,73626.42,77176.0,76.6000,0.0,0.0,5289.79,470.090,321.050,293.980,0.0,0.0,0.0,0.0,0.0,0.0,0.0,0.0,41.3000,0.0,0.0,0.0,0.0,0.0,0.0,13.3600,0.0,0.0,13.1,0.0,0.0,0.0,0.0,0.0,0.0,0.0,0.0,0.0,0.0,0.0,0.0,0.0,0.0,0.0,0.0,0.0,0.0,0.0,0.0,0.0,0.0,0.0,0.0,0.0,0.0,0.0,0.0,0.0,0.0,0.0,0.0,0.0,0.0,0.0,0.0,0.0,40.8000,0.0,0.0,0.0,0.0,0.0
23664.4832,73631.42,77176.0,320.540,0.0,0.0,3938.66,210.360,170.890,31.65,0.0,0.0,0.0,0.0,0.0,0.0,69.6000,0.0,0.0,0.0,0.0,0.0,0.0,0.0,0.0,32.4000,0.0,0.0,15.24,0.0,0.0,0.0,0.0,0.0,0.0,0.0,0.0,0.0,0.0,14.5,0.0,0.0,0.0,0.0,0.0,0.0,0.0,0.0,0.0,0.0,0.0,0.0,0.0,0.0,0.0,0.0,0.0,0.0,0.0,0.0,0.0,0.0,0.0,0.0,0.0,0.0,0.0,0.0,0.0,0.0,0.0,0.0
23676.2004,73636.42,77176.0,306.380,0.0,0.0,5132.78,139.060,684.240,84.8800,0.0,0.0,0.0,0.0,0.0,0.0,0.0,0.0,177.430,33.8300,0.0,13.9,0.0,0.0,0.0,64.8000,0.0,0.0,0.0,0.0,0.0,0.0,0.0,0.0,0.0,0.0,0.0,0.0,0.0,29.0,0.0,0.0,0.0,0.0,0.0,0.0,0.0,0.0,0.0,0.0,0.0,0.0,0.0,0.0,0.0,0.0,0.0,0.0,0.0,0.0,0.0,0.0,0.0,0.0,0.0,0.0,0.0,0.0,0.0,0.0,0.0,0.0
23688.9828,73641.42,77176.0,239.100,0.0,0.0,4641.04,400.260,453.770,11.64,0.0,0.0,0.0,0.0,0.0,0.0,0.0,0.0,16.9500,76.3500,0.0,0.0,0.0,0.0,0.0,0.0,0.0,0.0,82.57,0.0,0.0,0.0,0.0,0.0,0.0,17.8800,26.0,0.0,0.0,0.0,56.9400,0.0,0.0,0.0,0.0,0.0,0.0,0.0,0.0,13.5,0.0,0.0,0.0,0.0,14.65,0.0,0.0,0.0,0.0,0.0,0.0,0.0,0.0,0.0,0.0,0.0,0.0,0.0,0.0,0.0,0.0,0.0
23701.7652,73646.42,77176.0,269.220,205.670,0.0,4346.0,141.700,496.5,0.0,27.0500,0.0,0.0,0.0,0.0,0.0,23.6,0.0,0.0,0.0,0.0,0.0,0.0,0.0,0.0,12.3,0.0,0.0,0.0,0.0,0.0,0.0,0.0,0.0,0.0,0.0,0.0,0.0,0.0,0.0,0.0,0.0,26.15,0.0,0.0,0.0,0.0,0.0,0.0,21.6,0.0,0.0,0.0,0.0,23.4400,0.0,0.0,102.760,0.0,0.0,0.0,0.0,0.0,0.0,0.0,0.0,0.0,0.0,0.0,0.0,0.0,0.0
23714.5476,73651.42,77176.0,727.860,0.0,0.0,5774.11,405.800,706.330,8.44000,0.0,0.0,0.0,0.0,0.0,0.0,72.0800,12.35,82.4900,0.0,0.0,0.0,0.0,0.0,0.0,51.8000,0.0,0.0,0.0,0.0,0.0,0.0,0.0,0.0,0.0,54.6000,22.6,0.0,0.0,0.0,0.0,0.0,0.0,0.0,0.0,0.0,0.0,0.0,0.0,0.0,0.0,0.0,0.0,0.0,0.0,0.0,0.0,0.0,0.0,0.0,0.0,0.0,0.0,0.0,0.0,0.0,0.0,0.0,0.0,0.0,0.0,0.0
23726.2648,73656.42,77176.0,1036.43,17.5,0.0,3483.43,253.830,864.700,109.82,0.0,0.0,0.0,0.0,0.0,0.0,0.0,0.0,49.98,0.0,0.0,0.0,0.0,0.0,0.0,0.0,0.0,36.0,0.0,0.0,0.0,0.0,0.0,0.0,0.0,0.0,0.0,0.0,0.0,0.0,0.0,0.0,0.0,0.0,0.0,0.0,0.0,0.0,0.0,14.2800,0.0,0.0,0.0,0.0,0.0,0.0,0.0,0.0,0.0,0.0,0.0,0.0,0.0,0.0,0.0,0.0,0.0,0.0,0.0,0.0,0.0,0.0
23739.0472,73661.42,77176.0,216.050,23.24,0.0,4600.90,563.360,858.320,0.0,95.25,0.0,0.0,0.0,0.0,0.0,0.0,0.0,150.540,119.920,0.0,0.0,0.0,0.0,0.0,0.0,0.0,0.0,0.0,0.0,0.0,0.0,0.0,0.0,0.0,0.0,0.0,0.0,0.0,0.0,0.0,0.0,22.4,0.0,0.0,0.0,0.0,0.0,0.0,0.0,0.0,0.0,0.0,0.0,0.0,0.0,0.0,0.0,0.0,0.0,0.0,0.0,0.0,0.0,0.0,0.0,0.0,0.0,0.0,0.0,0.0,0.0
23751.8296,73666.42,77176.0,346.950,0.0,0.0,5332.62,208.540,416.820,72.8300,0.0,0.0,0.0,0.0,0.0,0.0,16.92,0.0,52.77,8.6,0.0,0.0,0.0,0.0,0.0,59.0800,0.0,0.0,28.6,0.0,0.0,0.0,0.0,0.0,0.0,0.0,0.0,0.0,0.0,0.0,0.0,0.0,0.0,160.440,0.0,0.0,0.0,0.0,0.0,0.0,0.0,0.0,0.0,0.0,0.0,0.0,0.0,0.0,0.0,0.0,0.0,0.0,0.0,0.0,0.0,0.0,0.0,0.0,0.0,0.0,0.0,0.0
23764.612,73671.42,77176.0,298.020,25.9200,0.0,5573.52,212.550,372.840,0.0,0.0,0.0,0.0,59.7800,53.7600,0.0,119.600,10.7,0.0,13.8,0.0,21.4,0.0,0.0,0.0,13.55,0.0,0.0,0.0,0.0,0.0,0.0,0.0,0.0,0.0,0.0,0.0,0.0,0.0,26.5500,20.0600,0.0,0.0,0.0,0.0,0.0,0.0,0.0,0.0,0.0,0.0,0.0,0.0,0.0,0.0,0.0,0.0,0.0,0.0,0.0,0.0,0.0,0.0,0.0,0.0,0.0,0.0,0.0,0.0,0.0,0.0,0.0
23776.3292,73676.42,77176.0,74.6900,19.4,42.0800,4681.65,127.480,366.860,74.1600,0.0,0.0,0.0,0.0,0.0,0.0,13.0,0.0,261.780,0.0,0.0,0.0,0.0,0.0,0.0,0.0,0.0,0.0,0.0,0.0,0.0,0.0,0.0,16.8000,0.0,0.0,26.5600,0.0,0.0,0.0,0.0,0.0,0.0,0.0,0.0,0.0,0.0,0.0,0.0,0.0,0.0,0.0,0.0,0.0,0.0,0.0,0.0,0.0,0.0,0.0,0.0,71.6300,0.0,0.0,0.0,0.0,0.0,0.0,0.0,0.0,0.0,0.0
23789.1116,73681.42,77176.0,394.960,0.0,0.0,4106.89,216.210,551.860,70.1000,0.0,0.0,0.0,0.0,0.0,0.0,23.2000,40.3600,1174.12,0.0,0.0,0.0,0.0,0.0,0.0,0.0,0.0,0.0,0.0,0.0,0.0,0.0,0.0,42.0,0.0,0.0,0.0,0.0,0.0,0.0,120.0,0.0,54.9900,0.0,0.0,0.0,0.0,0.0,0.0,0.0,0.0,0.0,0.0,0.0,0.0,0.0,0.0,0.0,0.0,0.0,0.0,0.0,0.0,0.0,0.0,0.0,0.0,0.0,0.0,0.0,0.0,0.0
23801.894,73686.42,77176.0,412.980,0.0,0.0,3820.39,209.840,333.900,29.6,36.1500,0.0,0.0,0.0,0.0,0.0,37.1200,25.1,484.530,0.0,0.0,0.0,0.0,0.0,0.0,11.0,0.0,55.0800,0.0,0.0,18.08,0.0,0.0,0.0,0.0,0.0,13.6,0.0,0.0,0.0,30.85,0.0,0.0,0.0,0.0,0.0,0.0,0.0,0.0,0.0,0.0,0.0,0.0,0.0,0.0,0.0,0.0,0.0,0.0,0.0,0.0,0.0,0.0,0.0,0.0,0.0,0.0,0.0,0.0,0.0,0.0,0.0
23813.6112,73691.42,77176.0,469.430,0.0,118.690,3853.51,427.530,986.890,0.0,72.3000,0.0,0.0,0.0,0.0,0.0,178.330,52.9200,147.870,0.0,0.0,0.0,0.0,0.0,0.0,31.8000,0.0,0.0,0.0,0.0,0.0,0.0,12.7,0.0,0.0,0.0,0.0,0.0,0.0,0.0,39.2600,0.0,0.0,0.0,0.0,0.0,0.0,0.0,0.0,0.0,0.0,0.0,0.0,25.9200,0.0,0.0,0.0,0.0,0.0,0.0,0.0,0.0,0.0,0.0,0.0,0.0,0.0,0.0,0.0,0.0,0.0,0.0
23826.3936,73696.42,77176.0,357.330,0.0,9.32,5664.17,265.620,517.160,111.870,0.0,0.0,0.0,0.0,0.0,0.0,137.270,0.0,127.210,45.8000,0.0,0.0,0.0,0.0,0.0,54.0400,0.0,13.0400,0.0,0.0,0.0,0.0,0.0,0.0,0.0,20.5500,0.0,0.0,0.0,0.0,0.0,0.0,0.0,0.0,0.0,0.0,0.0,0.0,0.0,0.0,0.0,0.0,0.0,0.0,0.0,0.0,0.0,0.0,0.0,0.0,0.0,0.0,0.0,0.0,0.0,0.0,0.0,0.0,0.0,0.0,0.0,0.0
23839.176,73701.42,77176.0,396.580,85.0500,0.0,3840.32,375.340,496.900,0.0,0.0,0.0,0.0,0.0,0.0,0.0,0.0,0.0,314.830,62.4000,0.0,0.0,0.0,0.0,0.0,32.2000,0.0,0.0,29.3800,0.0,0.0,0.0,0.0,0.0,0.0,0.0,0.0,0.0,0.0,0.0,0.0,0.0,0.0,0.0,0.0,0.0,0.0,0.0,0.0,0.0,0.0,0.0,0.0,0.0,0.0,0.0,0.0,0.0,0.0,0.0,0.0,0.0,0.0,0.0,0.0,0.0,0.0,0.0,0.0,0.0,0.0,0.0
23851.9584,73706.42,77176.0,570.920,59.68,0.0,4537.12,299.310,265.190,0.0,0.0,0.0,0.0,0.0,0.0,0.0,104.900,31.85,79.5200,31.7800,0.0,0.0,0.0,0.0,0.0,14.05,0.0,0.0,0.0,0.0,0.0,0.0,0.0,0.0,0.0,18.9,0.0,0.0,0.0,0.0,22.3000,0.0,0.0,0.0,0.0,0.0,0.0,0.0,0.0,0.0,0.0,0.0,0.0,0.0,0.0,0.0,0.0,0.0,0.0,0.0,0.0,0.0,0.0,0.0,0.0,0.0,0.0,0.0,0.0,0.0,0.0,0.0
23863.6756,73711.42,77176.0,299.210,0.0,0.0,6411.71,394.0,280.180,0.0,53.34,0.0,0.0,0.0,0.0,0.0,31.8800,63.7000,36.0500,0.0,0.0,0.0,0.0,0.0,0.0,0.0,0.0,33.6000,0.0,0.0,0.0,0.0,0.0,0.0,0.0,0.0,0.0,0.0,0.0,0.0,0.0,0.0,0.0,0.0,0.0,0.0,0.0,0.0,0.0,0.0,0.0,0.0,0.0,0.0,0.0,0.0,0.0,0.0,0.0,0.0,0.0,0.0,0.0,0.0,0.0,0.0,0.0,9.72000,0.0,0.0,0.0,0.0
23876.458,73716.42,77176.0,177.950,0.0,0.0,3618.69,206.940,883.710,26.0800,0.0,0.0,0.0,0.0,0.0,0.0,134.440,19.9500,120.110,0.0,0.0,0.0,47.0600,0.0,0.0,16.68,0.0,0.0,0.0,0.0,0.0,0.0,0.0,0.0,0.0,0.0,0.0,0.0,0.0,0.0,0.0,0.0,145.210,0.0,0.0,0.0,0.0,0.0,0.0,0.0,0.0,0.0,0.0,0.0,0.0,0.0,0.0,0.0,0.0,0.0,0.0,0.0,0.0,0.0,0.0,0.0,0.0,0.0,0.0,0.0,0.0,0.0
23889.2404,73721.42,77176.0,202.030,0.0,0.0,4682.96,63.5300,571.010,65.2000,0.0,0.0,0.0,0.0,0.0,0.0,99.5300,0.0,79.9700,0.0,0.0,0.0,0.0,0.0,0.0,72.0500,0.0,61.59,33.3000,0.0,0.0,0.0,0.0,0.0,0.0,0.0,0.0,0.0,0.0,0.0,64.9500,0.0,0.0,0.0,0.0,0.0,0.0,0.0,0.0,0.0,0.0,0.0,0.0,0.0,0.0,0.0,0.0,0.0,0.0,0.0,0.0,0.0,0.0,0.0,0.0,0.0,72.1500,0.0,0.0,0.0,0.0,0.0
23902.0228,73726.42,77176.0,164.990,0.0,0.0,5031.16,123.120,539.75,59.4000,8.12,0.0,0.0,0.0,0.0,0.0,18.0500,0.0,0.0,0.0,0.0,0.0,0.0,0.0,0.0,0.0,0.0,13.0400,90.8600,0.0,0.0,0.0,0.0,0.0,0.0,0.0,83.5800,0.0,0.0,0.0,0.0,0.0,0.0,0.0,0.0,0.0,0.0,0.0,0.0,0.0,0.0,0.0,0.0,0.0,0.0,0.0,0.0,0.0,0.0,0.0,0.0,0.0,0.0,0.0,0.0,0.0,0.0,0.0,0.0,0.0,0.0,0.0
23913.74,73731.42,77176.0,679.270,0.0,0.0,4370.63,207.760,440.080,26.84,0.0,0.0,0.0,0.0,0.0,0.0,0.0,0.0,14.3,0.0,0.0,0.0,0.0,0.0,0.0,0.0,0.0,0.0,0.0,0.0,0.0,0.0,0.0,0.0,0.0,52.1000,0.0,0.0,0.0,0.0,0.0,0.0,0.0,0.0,12.4,0.0,0.0,0.0,0.0,0.0,0.0,0.0,0.0,0.0,0.0,0.0,0.0,0.0,0.0,0.0,0.0,0.0,0.0,0.0,0.0,0.0,12.2,0.0,0.0,0.0,0.0,0.0
23926.5224,73736.42,77176.0,138.960,0.0,0.0,3975.61,290.220,642.090,0.0,0.0,0.0,0.0,0.0,0.0,0.0,61.5,0.0,71.93,0.0,0.0,0.0,0.0,0.0,0.0,0.0,0.0,0.0,0.0,0.0,0.0,0.0,11.85,0.0,0.0,0.0,27.93,0.0,0.0,0.0,55.6500,0.0,0.0,0.0,0.0,0.0,0.0,0.0,0.0,0.0,0.0,0.0,0.0,0.0,0.0,0.0,0.0,0.0,0.0,0.0,0.0,0.0,0.0,0.0,14.6,0.0,0.0,0.0,0.0,0.0,0.0,0.0
23939.3048,73741.42,77176.0,338.720,38.5,191.510,3130.27,678.090,507.100,15.25,0.0,0.0,0.0,0.0,0.0,0.0,26.0,0.0,77.6900,0.0,0.0,0.0,0.0,0.0,0.0,35.9000,0.0,0.0,45.3500,0.0,0.0,0.0,0.0,0.0,11.4,0.0,31.7000,0.0,0.0,0.0,0.0,0.0,0.0,0.0,0.0,0.0,0.0,0.0,0.0,0.0,0.0,0.0,0.0,0.0,0.0,0.0,0.0,0.0,0.0,0.0,0.0,0.0,0.0,0.0,0.0,0.0,0.0,0.0,0.0,0.0,0.0,0.0
23952.0872,73746.42,77176.0,173.090,0.0,69.75,3955.83,151.790,247.580,0.0,0.0,0.0,0.0,0.0,0.0,0.0,13.1600,0.0,153.880,13.9,0.0,0.0,0.0,0.0,0.0,57.4400,0.0,0.0,0.0,0.0,0.0,53.9000,0.0,0.0,0.0,0.0,0.0,0.0,0.0,0.0,0.0,13.6,13.65,0.0,0.0,0.0,0.0,0.0,0.0,0.0,0.0,0.0,0.0,0.0,0.0,0.0,0.0,0.0,0.0,0.0,0.0,0.0,0.0,13.52,0.0,0.0,0.0,0.0,0.0,0.0,0.0,0.0
23963.8044,73751.42,77176.0,505.190,0.0,91.2000,5687.76,159.200,689.030,38.7400,0.0,0.0,0.0,0.0,0.0,0.0,73.1400,0.0,32.4000,0.0,0.0,0.0,0.0,0.0,0.0,0.0,0.0,10.3,0.0,0.0,0.0,0.0,0.0,0.0,0.0,0.0,0.0,0.0,0.0,0.0,15.88,0.0,0.0,0.0,0.0,0.0,0.0,0.0,0.0,0.0,0.0,0.0,0.0,0.0,0.0,0.0,0.0,0.0,0.0,0.0,0.0,0.0,0.0,0.0,0.0,0.0,0.0,0.0,0.0,0.0,0.0,0.0
23976.5868,73756.42,77176.0,63.0,0.0,0.0,5575.21,314.590,580.980,79.6100,0.0,0.0,0.0,0.0,0.0,10.68,0.0,0.0,67.1200,0.0,0.0,0.0,11.55,0.0,0.0,16.92,0.0,0.0,0.0,0.0,0.0,0.0,0.0,0.0,0.0,0.0,0.0,0.0,0.0,0.0,0.0,0.0,0.0,0.0,0.0,0.0,0.0,0.0,0.0,0.0,0.0,0.0,0.0,0.0,0.0,0.0,0.0,0.0,0.0,0.0,0.0,0.0,0.0,0.0,0.0,0.0,0.0,0.0,0.0,0.0,0.0,0.0
23989.3692,73761.42,77176.0,472.590,0.0,0.0,4203.76,266.530,395.460,84.1500,0.0,0.0,0.0,0.0,0.0,0.0,36.34,25.5,39.25,36.82,0.0,0.0,35.25,0.0,0.0,0.0,0.0,0.0,19.68,0.0,0.0,0.0,0.0,0.0,0.0,0.0,0.0,0.0,0.0,0.0,0.0,0.0,0.0,0.0,0.0,0.0,0.0,0.0,0.0,0.0,0.0,0.0,0.0,0.0,0.0,0.0,0.0,0.0,0.0,0.0,0.0,0.0,0.0,0.0,0.0,0.0,0.0,0.0,0.0,0.0,0.0,0.0
24002.1516,73766.42,77176.0,216.950,0.0,0.0,3461.39,331.700,458.080,36.3900,0.0,0.0,0.0,0.0,0.0,0.0,10.6,0.0,87.75,16.0,0.0,0.0,0.0,0.0,0.0,0.0,0.0,0.0,0.0,0.0,0.0,0.0,0.0,0.0,0.0,0.0,0.0,0.0,0.0,0.0,0.0,0.0,0.0,0.0,0.0,0.0,0.0,0.0,0.0,0.0,0.0,0.0,0.0,0.0,0.0,0.0,0.0,0.0,0.0,0.0,0.0,0.0,0.0,0.0,0.0,0.0,0.0,0.0,0.0,0.0,0.0,0.0
24013.8688,73771.42,77176.0,155.590,0.0,0.0,4012.11,561.810,561.050,132.780,0.0,0.0,0.0,0.0,0.0,0.0,22.68,0.0,159.170,0.0,0.0,0.0,0.0,0.0,0.0,42.3600,0.0,0.0,0.0,0.0,0.0,0.0,0.0,0.0,0.0,0.0,0.0,0.0,0.0,0.0,0.0,0.0,0.0,0.0,0.0,15.65,0.0,0.0,0.0,0.0,0.0,0.0,0.0,0.0,0.0,0.0,0.0,0.0,0.0,0.0,0.0,0.0,0.0,0.0,0.0,0.0,0.0,0.0,0.0,0.0,0.0,0.0
24026.6512,73776.42,77176.0,370.100,17.2000,0.0,3984.99,403.590,257.910,245.550,0.0,0.0,0.0,0.0,0.0,0.0,15.55,0.0,39.9000,0.0,0.0,0.0,0.0,0.0,0.0,0.0,0.0,0.0,8.96,0.0,0.0,0.0,0.0,0.0,0.0,0.0,0.0,0.0,0.0,0.0,0.0,0.0,11.4400,0.0,0.0,0.0,0.0,0.0,0.0,0.0,0.0,0.0,0.0,0.0,0.0,0.0,0.0,0.0,0.0,0.0,0.0,0.0,0.0,0.0,0.0,0.0,0.0,0.0,0.0,0.0,0.0,43.4000
24039.4336,73781.42,77176.0,153.410,0.0,0.0,3445.81,61.0400,556.010,0.0,0.0,0.0,0.0,0.0,0.0,0.0,0.0,0.0,74.0100,24.6,0.0,0.0,34.1900,0.0,0.0,0.0,0.0,0.0,0.0,0.0,0.0,0.0,0.0,0.0,0.0,0.0,0.0,0.0,83.1000,0.0,0.0,0.0,14.2,0.0,0.0,0.0,0.0,0.0,0.0,0.0,0.0,0.0,0.0,0.0,0.0,0.0,0.0,0.0,0.0,0.0,0.0,0.0,0.0,0.0,0.0,0.0,0.0,0.0,0.0,73.3600,0.0,0.0
24052.216,73786.42,77176.0,230.920,0.0,0.0,4018.12,147.680,453.220,51.4500,0.0,0.0,0.0,0.0,0.0,0.0,160.080,0.0,59.16,39.3600,0.0,0.0,14.6,0.0,0.0,106.310,0.0,0.0,0.0,0.0,0.0,0.0,0.0,0.0,0.0,0.0,0.0,0.0,0.0,0.0,0.0,0.0,22.7200,0.0,0.0,0.0,0.0,0.0,0.0,0.0,0.0,0.0,0.0,0.0,0.0,0.0,0.0,0.0,0.0,0.0,0.0,0.0,0.0,0.0,0.0,0.0,0.0,0.0,0.0,0.0,0.0,0.0
24063.9332,73791.42,77176.0,59.2000,0.0,0.0,2631.66,249.310,186.760,10.65,0.0,0.0,0.0,0.0,0.0,0.0,15.56,0.0,50.7600,0.0,0.0,0.0,0.0,0.0,0.0,195.350,0.0,0.0,12.68,0.0,0.0,0.0,0.0,0.0,0.0,0.0,80.5500,31.4600,0.0,11.16,0.0,0.0,11.2,0.0,0.0,0.0,0.0,0.0,0.0,0.0,0.0,0.0,0.0,0.0,0.0,0.0,0.0,0.0,0.0,0.0,0.0,0.0,0.0,0.0,0.0,0.0,0.0,0.0,0.0,0.0,0.0,0.0
24076.7156,73796.42,77176.0,452.780,71.0500,0.0,10687.9,688.800,475.890,0.0,0.0,0.0,0.0,0.0,0.0,0.0,47.1500,0.0,17.0,85.8000,15.9,0.0,0.0,0.0,0.0,0.0,0.0,0.0,0.0,0.0,0.0,0.0,0.0,0.0,0.0,20.35,34.5800,0.0,0.0,0.0,207.870,0.0,0.0,0.0,0.0,0.0,18.6,0.0,0.0,0.0,0.0,0.0,0.0,0.0,0.0,0.0,0.0,0.0,0.0,0.0,0.0,0.0,0.0,0.0,0.0,0.0,0.0,0.0,0.0,0.0,0.0,0.0
24089.498,73801.42,77176.0,182.510,113.680,0.0,40684.4,1553.5,2267.30,9.55,0.0,0.0,0.0,27.0500,0.0,0.0,38.48,0.0,232.700,78.5500,25.4400,0.0,0.0,0.0,0.0,94.5,0.0,0.0,152.110,0.0,0.0,26.8800,0.0,0.0,0.0,0.0,0.0,0.0,0.0,0.0,0.0,0.0,22.35,0.0,0.0,0.0,0.0,0.0,0.0,0.0,0.0,0.0,0.0,0.0,0.0,0.0,0.0,0.0,0.0,0.0,0.0,0.0,0.0,0.0,0.0,0.0,55.9500,0.0,0.0,0.0,0.0,0.0
24102.2804,73806.42,77176.0,143.610,256.800,0.0,44009.9,1381.18,1297.21,52.6500,0.0,0.0,0.0,0.0,0.0,0.0,74.9000,0.0,134.690,0.0,0.0,0.0,0.0,0.0,0.0,0.0,0.0,0.0,0.0,0.0,0.0,0.0,0.0,0.0,0.0,0.0,13.15,0.0,0.0,0.0,0.0,0.0,0.0,0.0,0.0,0.0,0.0,0.0,0.0,0.0,0.0,0.0,0.0,0.0,0.0,0.0,0.0,0.0,0.0,0.0,0.0,0.0,0.0,0.0,0.0,0.0,0.0,0.0,0.0,0.0,0.0,0.0
24113.9976,73811.42,77176.0,476.380,28.2100,0.0,3740.06,120.5,456.330,27.07,0.0,0.0,0.0,0.0,0.0,0.0,10.92,15.1600,65.3700,0.0,0.0,0.0,0.0,0.0,0.0,25.9,0.0,0.0,0.0,0.0,0.0,0.0,0.0,0.0,0.0,0.0,46.8500,0.0,0.0,0.0,0.0,0.0,40.5,0.0,0.0,0.0,0.0,0.0,0.0,0.0,0.0,0.0,0.0,0.0,0.0,0.0,0.0,0.0,0.0,0.0,0.0,0.0,0.0,0.0,0.0,0.0,0.0,0.0,0.0,0.0,0.0,0.0
24126.78,73816.42,77176.0,440.070,109.350,0.0,4618.12,148.0,353.910,73.8400,0.0,0.0,0.0,0.0,0.0,0.0,108.5,0.0,175.730,0.0,0.0,0.0,0.0,0.0,0.0,0.0,0.0,0.0,0.0,0.0,0.0,0.0,0.0,0.0,0.0,0.0,0.0,0.0,0.0,24.15,0.0,0.0,0.0,0.0,0.0,0.0,0.0,0.0,0.0,0.0,28.9500,0.0,0.0,0.0,0.0,0.0,0.0,0.0,0.0,0.0,0.0,0.0,0.0,0.0,0.0,0.0,0.0,0.0,0.0,0.0,0.0,0.0
24139.5624,73821.42,77176.0,864.870,821.760,135.350,22445.7,951.570,631.770,30.9,0.0,0.0,0.0,0.0,47.7000,0.0,10.7200,0.0,107.660,0.0,0.0,0.0,20.25,0.0,0.0,16.85,0.0,0.0,22.99,0.0,0.0,0.0,0.0,0.0,0.0,0.0,0.0,0.0,0.0,0.0,0.0,0.0,36.5,0.0,0.0,0.0,0.0,0.0,0.0,0.0,0.0,0.0,0.0,0.0,0.0,0.0,0.0,0.0,0.0,0.0,0.0,0.0,0.0,0.0,0.0,49.2000,73.1500,0.0,0.0,0.0,0.0,0.0
24152.3448,73826.42,77176.0,431.090,144.430,0.0,13952.4,525.770,514.350,50.48,0.0,0.0,0.0,0.0,0.0,0.0,101.360,11.5600,128.020,0.0,0.0,0.0,0.0,0.0,0.0,0.0,0.0,0.0,13.9600,0.0,0.0,0.0,0.0,0.0,0.0,0.0,0.0,0.0,0.0,0.0,0.0,0.0,0.0,14.4,0.0,0.0,0.0,0.0,0.0,0.0,0.0,0.0,0.0,0.0,0.0,0.0,0.0,0.0,0.0,0.0,0.0,0.0,0.0,0.0,0.0,0.0,42.9600,0.0,0.0,0.0,0.0,0.0
24164.062,73831.42,77176.0,2035.05,408.710,145.740,35492.1,965.180,918.350,91.1300,0.0,0.0,0.0,0.0,0.0,0.0,0.0,0.0,215.890,21.84,0.0,0.0,0.0,0.0,0.0,70.9800,0.0,0.0,0.0,0.0,0.0,0.0,0.0,0.0,0.0,0.0,91.0500,0.0,0.0,0.0,52.66,0.0,0.0,0.0,0.0,0.0,0.0,0.0,0.0,0.0,0.0,0.0,0.0,0.0,0.0,51.52,21.0500,0.0,0.0,0.0,0.0,0.0,0.0,0.0,0.0,0.0,0.0,0.0,0.0,0.0,0.0,0.0
24176.8444,73836.42,77176.0,252.390,66.4500,72.9000,10193.0,423.810,510.270,28.2000,0.0,0.0,0.0,0.0,0.0,0.0,27.9500,0.0,83.25,39.7800,0.0,42.98,0.0,0.0,0.0,0.0,0.0,0.0,41.1000,0.0,0.0,0.0,11.68,0.0,0.0,22.84,0.0,0.0,0.0,0.0,0.0,0.0,0.0,0.0,0.0,0.0,0.0,0.0,0.0,0.0,0.0,0.0,0.0,0.0,0.0,0.0,0.0,0.0,0.0,0.0,0.0,0.0,0.0,0.0,0.0,0.0,0.0,0.0,0.0,0.0,0.0,0.0
24189.6268,73841.42,77176.0,885.320,659.010,165.770,35347.1,1228.27,1707.33,0.0,21.4,0.0,0.0,0.0,0.0,0.0,0.0,0.0,97.7400,0.0,0.0,0.0,0.0,0.0,0.0,46.2000,0.0,0.0,60.6000,0.0,0.0,0.0,0.0,0.0,0.0,0.0,0.0,0.0,0.0,0.0,0.0,0.0,0.0,0.0,0.0,0.0,0.0,0.0,0.0,0.0,0.0,0.0,0.0,0.0,0.0,0.0,0.0,0.0,0.0,0.0,0.0,0.0,0.0,0.0,0.0,0.0,0.0,0.0,0.0,0.0,0.0,0.0
24201.344,73846.42,77176.0,584.630,221.740,0.0,17703.3,1152.40,872.700,85.4000,0.0,0.0,0.0,0.0,0.0,0.0,71.9400,0.0,135.830,0.0,0.0,0.0,0.0,0.0,0.0,47.75,0.0,0.0,61.1000,0.0,0.0,0.0,0.0,0.0,0.0,0.0,14.05,0.0,0.0,0.0,0.0,0.0,25.35,0.0,0.0,0.0,0.0,0.0,0.0,0.0,0.0,0.0,0.0,0.0,0.0,0.0,0.0,0.0,0.0,0.0,0.0,0.0,0.0,0.0,0.0,0.0,0.0,0.0,0.0,0.0,0.0,0.0
24214.1264,73851.42,77176.0,5089.94,998.090,320.520,479353.0,27735.0,19439.1,2442.11,0.0,0.0,0.0,38.2400,0.0,0.0,73.2300,17.5500,109.790,0.0,0.0,20.24,146.640,0.0,0.0,0.0,0.0,0.0,25.6,0.0,0.0,0.0,29.16,0.0,0.0,0.0,133.830,0.0,0.0,0.0,14.35,0.0,0.0,0.0,0.0,0.0,0.0,0.0,0.0,37.8300,0.0,0.0,0.0,48.68,0.0,0.0,0.0,0.0,0.0,0.0,0.0,0.0,0.0,0.0,0.0,0.0,0.0,0.0,0.0,0.0,0.0,0.0
24226.9088,73856.42,77176.0,3224.05,1069.22,456.160,327987.0,18029.2,12313.9,1380.28,0.0,0.0,0.0,21.2800,25.15,0.0,35.2200,0.0,183.400,60.6000,0.0,65.1000,0.0,0.0,0.0,7.6,0.0,12.45,26.84,0.0,0.0,0.0,0.0,0.0,0.0,0.0,0.0,0.0,0.0,0.0,0.0,0.0,33.02,0.0,0.0,0.0,0.0,0.0,0.0,0.0,0.0,0.0,0.0,0.0,0.0,0.0,0.0,0.0,0.0,0.0,0.0,0.0,0.0,0.0,0.0,0.0,0.0,0.0,0.0,0.0,0.0,56.4200
24239.6912,73861.42,77176.0,623.540,423.540,202.700,149719.0,7461.28,5006.31,421.450,0.0,0.0,0.0,36.6500,0.0,0.0,0.0,0.0,64.0500,0.0,0.0,0.0,0.0,0.0,0.0,20.8000,0.0,0.0,12.45,0.0,0.0,0.0,37.8000,0.0,0.0,0.0,0.0,0.0,0.0,0.0,0.0,0.0,0.0,0.0,0.0,0.0,0.0,0.0,0.0,0.0,0.0,0.0,0.0,0.0,0.0,0.0,0.0,0.0,0.0,0.0,0.0,0.0,0.0,0.0,0.0,0.0,0.0,20.5,0.0,0.0,0.0,40.2000
24251.4084,73866.42,77176.0,132.740,142.210,0.0,25111.2,518.800,951.0,64.5,0.0,0.0,0.0,0.0,0.0,0.0,0.0,0.0,202.780,23.65,0.0,0.0,0.0,0.0,0.0,0.0,0.0,0.0,49.5800,0.0,0.0,0.0,0.0,0.0,0.0,0.0,0.0,0.0,0.0,0.0,0.0,14.92,0.0,0.0,0.0,0.0,0.0,0.0,0.0,0.0,0.0,0.0,0.0,0.0,0.0,0.0,0.0,0.0,0.0,0.0,0.0,0.0,0.0,0.0,0.0,0.0,0.0,73.7600,0.0,0.0,0.0,0.0
24264.1908,73871.42,77176.0,1041.81,0.0,0.0,62378.0,2640.69,2874.85,94.2900,0.0,0.0,0.0,0.0,0.0,0.0,0.0,0.0,101.760,0.0,0.0,0.0,16.15,0.0,0.0,0.0,0.0,0.0,0.0,0.0,0.0,0.0,0.0,0.0,0.0,0.0,11.3,0.0,0.0,0.0,0.0,0.0,0.0,0.0,0.0,0.0,0.0,0.0,32.9000,0.0,0.0,0.0,0.0,0.0,0.0,0.0,0.0,0.0,0.0,0.0,0.0,0.0,0.0,0.0,0.0,0.0,0.0,0.0,0.0,0.0,0.0,0.0
24276.9732,73876.42,77176.0,42135.7,2443.60,12.45,873009.0,54693.4,40428.6,556.700,0.0,0.0,0.0,0.0,151.740,0.0,210.75,93.4000,2378.85,13.2,9.0,153.75,245.5,0.0,0.0,28.7000,0.0,77.0,206.25,0.0,0.0,0.0,0.0,0.0,13.2,0.0,0.0,0.0,0.0,0.0,64.6500,0.0,45.1500,0.0,0.0,0.0,0.0,0.0,0.0,0.0,0.0,0.0,0.0,0.0,0.0,0.0,0.0,0.0,0.0,0.0,0.0,0.0,0.0,0.0,0.0,0.0,0.0,0.0,0.0,0.0,0.0,0.0
24289.7556,73881.42,77176.0,751.690,232.850,162.470,39001.4,1053.96,1089.57,143.920,0.0,0.0,0.0,0.0,0.0,0.0,12.35,22.9600,212.970,0.0,0.0,0.0,107.75,0.0,0.0,0.0,0.0,0.0,105.660,0.0,17.8000,0.0,0.0,0.0,0.0,0.0,0.0,0.0,0.0,0.0,0.0,0.0,0.0,0.0,0.0,0.0,0.0,0.0,0.0,0.0,0.0,0.0,0.0,0.0,18.7200,0.0,0.0,0.0,0.0,0.0,0.0,0.0,0.0,0.0,0.0,12.4400,0.0,0.0,0.0,0.0,0.0,0.0
24301.4728,73886.42,77176.0,209.410,167.990,125.370,8238.38,84.6000,144.230,111.170,0.0,0.0,0.0,0.0,0.0,0.0,0.0,0.0,54.1000,0.0,0.0,0.0,44.07,0.0,0.0,0.0,0.0,0.0,67.9500,0.0,0.0,0.0,0.0,0.0,0.0,0.0,0.0,0.0,0.0,0.0,0.0,0.0,0.0,0.0,0.0,0.0,0.0,0.0,0.0,0.0,0.0,0.0,0.0,28.4,0.0,0.0,0.0,0.0,0.0,0.0,0.0,0.0,0.0,0.0,0.0,0.0,0.0,24.65,0.0,0.0,0.0,0.0
24314.2552,73891.42,77176.0,1150.23,171.370,168.520,62309.5,2299.03,2057.54,167.620,0.0,0.0,0.0,0.0,0.0,0.0,0.0,0.0,71.75,0.0,0.0,0.0,0.0,0.0,0.0,14.6,0.0,0.0,0.0,0.0,0.0,0.0,0.0,0.0,0.0,0.0,0.0,0.0,0.0,0.0,0.0,0.0,0.0,0.0,0.0,0.0,0.0,0.0,0.0,0.0,0.0,0.0,0.0,0.0,0.0,0.0,0.0,0.0,0.0,0.0,0.0,0.0,0.0,0.0,0.0,0.0,37.6400,0.0,0.0,0.0,0.0,0.0
24327.0376,73896.42,77176.0,9922.75,1510.82,279.350,345793.0,19877.4,12904.8,3079.92,0.0,0.0,0.0,43.16,81.0,0.0,0.0,0.0,74.9900,0.0,0.0,16.6,0.0,0.0,0.0,17.9,0.0,0.0,223.850,0.0,0.0,0.0,0.0,0.0,0.0,0.0,19.1,0.0,0.0,0.0,0.0,0.0,0.0,0.0,0.0,0.0,0.0,0.0,0.0,0.0,0.0,0.0,0.0,0.0,0.0,0.0,0.0,0.0,0.0,0.0,0.0,0.0,0.0,0.0,0.0,0.0,0.0,91.8000,0.0,0.0,0.0,0.0
24339.82,73901.42,77176.0,27515.9,4060.75,903.560,636391.0,37165.4,26632.5,9990.66,0.0,0.0,0.0,136.660,0.0,0.0,35.7000,0.0,689.510,50.4000,0.0,43.1500,57.6100,0.0,74.4900,34.3000,0.0,0.0,105.170,0.0,0.0,0.0,10.75,0.0,0.0,0.0,43.2600,0.0,0.0,15.4,0.0,0.0,0.0,0.0,0.0,0.0,0.0,0.0,0.0,0.0,0.0,0.0,0.0,0.0,0.0,0.0,0.0,0.0,0.0,0.0,0.0,0.0,0.0,0.0,0.0,0.0,0.0,0.0,0.0,0.0,0.0,0.0
24351.5372,73906.42,77176.0,13884.0,1975.98,516.990,218631.0,11365.1,8080.93,5049.29,0.0,0.0,0.0,16.4500,0.0,0.0,50.59,0.0,253.820,79.1500,0.0,19.1200,79.5400,0.0,0.0,0.0,0.0,0.0,217.240,0.0,0.0,0.0,0.0,0.0,0.0,0.0,125.280,0.0,0.0,0.0,64.3700,0.0,12.52,0.0,0.0,0.0,0.0,0.0,0.0,20.9500,0.0,0.0,0.0,0.0,0.0,0.0,0.0,0.0,0.0,0.0,0.0,0.0,0.0,0.0,0.0,0.0,0.0,0.0,0.0,0.0,0.0,0.0
24364.3196,73911.42,77176.0,4879.68,733.740,367.910,75803.8,3279.13,1897.40,1343.34,0.0,0.0,0.0,0.0,32.5,0.0,55.8000,0.0,151.0,86.8100,0.0,177.290,26.7000,0.0,0.0,22.2000,0.0,34.3600,0.0,0.0,0.0,0.0,61.1000,0.0,0.0,21.25,12.75,60.1500,0.0,0.0,62.3500,0.0,0.0,54.3000,0.0,0.0,0.0,0.0,0.0,0.0,0.0,0.0,0.0,0.0,0.0,0.0,0.0,0.0,0.0,0.0,0.0,0.0,0.0,0.0,0.0,0.0,0.0,0.0,0.0,0.0,0.0,0.0
24377.102,73916.42,77176.0,2669.60,497.850,409.270,66402.5,2825.55,1999.37,390.590,0.0,0.0,0.0,0.0,0.0,0.0,39.34,68.1200,6.84,0.0,0.0,0.0,0.0,0.0,0.0,11.4,0.0,0.0,17.3000,0.0,0.0,0.0,0.0,0.0,0.0,0.0,0.0,0.0,0.0,0.0,22.68,0.0,0.0,0.0,0.0,0.0,0.0,0.0,0.0,0.0,0.0,0.0,0.0,0.0,0.0,0.0,0.0,0.0,0.0,0.0,0.0,0.0,0.0,0.0,0.0,0.0,0.0,0.0,0.0,0.0,0.0,0.0
24389.8844,73921.42,77176.0,1891.52,174.890,57.2400,95860.3,4436.32,2483.08,352.230,20.4,0.0,0.0,0.0,0.0,0.0,0.0,0.0,24.27,0.0,0.0,0.0,38.7000,0.0,0.0,0.0,0.0,0.0,94.3700,0.0,0.0,0.0,0.0,0.0,0.0,11.84,0.0,0.0,0.0,0.0,70.2000,0.0,0.0,0.0,0.0,0.0,0.0,0.0,0.0,0.0,0.0,0.0,0.0,0.0,0.0,0.0,0.0,0.0,0.0,0.0,0.0,0.0,0.0,0.0,0.0,0.0,0.0,0.0,0.0,0.0,0.0,0.0
24401.6016,73926.42,77176.0,1231.14,50.4500,316.340,76357.9,3316.70,1683.25,303.460,0.0,0.0,0.0,0.0,75.75,0.0,19.4,99.93,157.550,0.0,0.0,22.6400,0.0,0.0,0.0,13.0400,61.9500,0.0,37.1000,0.0,0.0,0.0,0.0,0.0,0.0,0.0,0.0,0.0,0.0,151.480,0.0,0.0,0.0,23.24,0.0,0.0,0.0,0.0,0.0,0.0,0.0,0.0,0.0,0.0,0.0,0.0,0.0,0.0,0.0,0.0,0.0,0.0,0.0,0.0,0.0,0.0,0.0,0.0,0.0,0.0,0.0,0.0
24414.384,73931.42,77176.0,539.670,215.290,187.830,41664.7,1424.79,1029.61,223.580,0.0,0.0,0.0,0.0,19.3000,0.0,0.0,0.0,128.0,0.0,0.0,0.0,11.2,0.0,0.0,114.990,0.0,0.0,0.0,0.0,0.0,0.0,0.0,0.0,0.0,14.0,73.9600,0.0,0.0,0.0,0.0,0.0,0.0,58.1000,0.0,0.0,0.0,0.0,0.0,0.0,0.0,0.0,0.0,0.0,0.0,0.0,0.0,0.0,0.0,0.0,0.0,0.0,0.0,0.0,0.0,0.0,0.0,0.0,0.0,0.0,0.0,0.0
24427.1664,73936.42,77176.0,2379.29,866.630,91.2700,165754.0,9036.76,6429.30,2068.28,0.0,0.0,0.0,0.0,37.3500,0.0,21.8000,48.4400,113.800,21.85,0.0,17.9,0.0,0.0,0.0,76.2000,0.0,0.0,0.0,0.0,0.0,0.0,0.0,0.0,0.0,0.0,0.0,11.0,0.0,0.0,0.0,0.0,22.75,0.0,0.0,0.0,0.0,0.0,0.0,0.0,0.0,0.0,0.0,0.0,0.0,0.0,0.0,0.0,0.0,0.0,0.0,37.4400,0.0,0.0,0.0,0.0,0.0,0.0,0.0,0.0,0.0,0.0
24439.9488,73941.42,77176.0,7094.93,2701.38,854.610,489703.0,26689.9,21204.1,6703.28,0.0,0.0,0.0,58.6500,95.6200,0.0,94.9400,18.4,426.870,0.0,0.0,101.380,157.25,0.0,0.0,12.25,0.0,0.0,14.24,0.0,0.0,0.0,0.0,0.0,0.0,0.0,9.72000,17.6,0.0,0.0,0.0,0.0,36.4000,0.0,0.0,0.0,0.0,0.0,0.0,0.0,25.15,0.0,0.0,0.0,0.0,0.0,0.0,0.0,0.0,0.0,0.0,0.0,0.0,0.0,0.0,0.0,0.0,0.0,0.0,0.0,0.0,166.540
24451.666,73946.42,77176.0,6747.88,1726.32,1350.76,408878.0,22816.2,16941.2,4526.36,0.0,0.0,0.0,0.0,0.0,0.0,41.75,81.0800,568.140,51.4500,0.0,15.3,21.92,0.0,0.0,0.0,0.0,0.0,12.16,0.0,8.52,0.0,0.0,0.0,0.0,0.0,0.0,0.0,0.0,0.0,0.0,0.0,0.0,15.15,0.0,0.0,0.0,0.0,0.0,0.0,0.0,0.0,0.0,0.0,0.0,0.0,0.0,0.0,0.0,0.0,0.0,0.0,0.0,0.0,0.0,0.0,0.0,0.0,0.0,0.0,0.0,0.0
24464.4484,73951.42,77176.0,7539.64,1940.32,1961.65,502005.0,28226.8,21038.7,4926.47,0.0,0.0,0.0,17.24,17.35,0.0,35.93,37.2000,693.140,0.0,0.0,0.0,137.600,0.0,0.0,0.0,0.0,0.0,128.430,0.0,54.66,0.0,0.0,0.0,0.0,34.9500,0.0,0.0,0.0,0.0,0.0,0.0,99.1500,0.0,0.0,0.0,0.0,0.0,0.0,0.0,0.0,0.0,0.0,0.0,0.0,0.0,0.0,0.0,0.0,0.0,0.0,38.0500,0.0,0.0,0.0,0.0,0.0,0.0,0.0,0.0,0.0,23.8000
24477.2308,73956.42,77176.0,8443.5,2320.15,1626.95,546344.0,33681.9,21305.5,4800.25,0.0,0.0,0.0,0.0,35.4000,0.0,32.9500,0.0,863.850,38.6500,68.8500,13.4,36.9500,0.0,0.0,0.0,0.0,0.0,54.7000,0.0,0.0,0.0,0.0,0.0,0.0,0.0,0.0,0.0,0.0,0.0,61.25,23.75,0.0,42.9000,0.0,0.0,0.0,0.0,0.0,0.0,0.0,0.0,0.0,0.0,40.9500,0.0,0.0,0.0,0.0,0.0,0.0,0.0,0.0,0.0,0.0,0.0,0.0,12.8,0.0,0.0,0.0,0.0
24490.0132,73961.42,77176.0,3332.72,755.130,554.25,259058.0,14273.5,9425.43,2070.66,0.0,0.0,0.0,0.0,0.0,0.0,0.0,0.0,321.020,0.0,0.0,0.0,0.0,0.0,0.0,0.0,0.0,0.0,22.84,0.0,0.0,0.0,0.0,0.0,10.4,0.0,0.0,0.0,0.0,88.5300,0.0,0.0,0.0,14.32,0.0,0.0,0.0,0.0,0.0,0.0,0.0,0.0,0.0,0.0,0.0,0.0,0.0,0.0,0.0,0.0,0.0,0.0,0.0,0.0,0.0,0.0,0.0,0.0,0.0,0.0,0.0,0.0
24501.7304,73966.42,77176.0,1336.03,1402.03,601.140,169479.0,8680.71,5217.08,944.680,0.0,0.0,0.0,0.0,72.5400,0.0,21.5500,0.0,136.25,0.0,0.0,0.0,19.8000,0.0,0.0,0.0,0.0,67.2000,12.76,12.4,0.0,0.0,0.0,0.0,0.0,0.0,49.0100,0.0,0.0,0.0,0.0,130.620,0.0,161.550,0.0,0.0,0.0,0.0,0.0,0.0,0.0,0.0,0.0,0.0,0.0,0.0,0.0,0.0,0.0,0.0,0.0,0.0,0.0,0.0,0.0,0.0,0.0,0.0,16.8000,0.0,0.0,0.0
24514.5128,73971.42,77176.0,1859.73,387.800,199.050,63813.3,2493.88,1736.47,171.330,11.96,0.0,0.0,0.0,0.0,0.0,13.75,24.1,27.15,61.2000,0.0,0.0,88.1400,0.0,0.0,0.0,0.0,0.0,19.0500,0.0,0.0,0.0,68.4000,0.0,0.0,30.6,0.0,0.0,0.0,0.0,0.0,0.0,0.0,51.7000,0.0,0.0,0.0,0.0,0.0,0.0,0.0,0.0,0.0,0.0,0.0,0.0,0.0,0.0,0.0,0.0,0.0,0.0,0.0,0.0,0.0,0.0,0.0,0.0,0.0,0.0,0.0,0.0
24527.2952,73976.42,77176.0,426.330,145.290,13.7200,65805.5,3719.29,2348.20,354.100,0.0,0.0,0.0,0.0,0.0,0.0,0.0,28.85,78.7300,0.0,0.0,0.0,0.0,0.0,0.0,30.3000,0.0,0.0,8.68,0.0,0.0,0.0,0.0,0.0,0.0,0.0,0.0,0.0,0.0,18.25,0.0,0.0,0.0,0.0,0.0,0.0,0.0,0.0,0.0,0.0,0.0,0.0,0.0,0.0,0.0,0.0,0.0,0.0,0.0,0.0,0.0,0.0,0.0,0.0,0.0,0.0,0.0,20.9,0.0,0.0,0.0,0.0
24540.0776,73981.42,77176.0,18.0500,0.0,48.4400,35180.2,1211.44,1136.76,154.790,0.0,0.0,0.0,0.0,52.2000,0.0,33.0,0.0,0.0,18.0,0.0,0.0,12.1,0.0,0.0,0.0,0.0,0.0,14.7,0.0,0.0,0.0,0.0,0.0,0.0,0.0,9.36,0.0,0.0,0.0,0.0,0.0,0.0,0.0,0.0,0.0,13.68,0.0,0.0,0.0,90.7200,0.0,0.0,0.0,0.0,0.0,0.0,0.0,0.0,0.0,0.0,0.0,0.0,0.0,0.0,0.0,0.0,0.0,0.0,0.0,0.0,0.0
24551.7948,73986.42,77176.0,476.630,18.5,99.8500,18442.2,509.780,440.560,0.0,0.0,0.0,0.0,0.0,0.0,0.0,19.68,0.0,0.0,0.0,0.0,0.0,0.0,0.0,0.0,139.450,0.0,38.4900,29.4,0.0,0.0,0.0,0.0,0.0,0.0,13.1,0.0,0.0,37.6500,0.0,0.0,0.0,0.0,0.0,0.0,0.0,0.0,0.0,0.0,0.0,0.0,0.0,0.0,0.0,0.0,0.0,0.0,0.0,0.0,0.0,0.0,0.0,0.0,0.0,0.0,0.0,0.0,0.0,0.0,0.0,0.0,0.0
24564.5772,73991.42,77176.0,205.980,16.6,0.0,15073.8,241.330,926.380,48.8100,0.0,0.0,0.0,0.0,0.0,0.0,44.2200,0.0,24.9500,0.0,0.0,0.0,0.0,0.0,0.0,0.0,0.0,0.0,0.0,0.0,0.0,0.0,0.0,73.0500,0.0,0.0,0.0,0.0,0.0,0.0,49.1400,0.0,45.7000,0.0,0.0,0.0,0.0,0.0,0.0,0.0,0.0,0.0,0.0,0.0,0.0,0.0,0.0,0.0,0.0,0.0,0.0,0.0,0.0,0.0,0.0,0.0,0.0,0.0,0.0,0.0,0.0,0.0
24577.3596,73996.42,77176.0,166.440,0.0,0.0,6225.91,204.040,48.8100,31.2000,0.0,0.0,0.0,0.0,0.0,0.0,22.1,0.0,57.6200,26.3000,0.0,0.0,0.0,0.0,0.0,0.0,0.0,0.0,0.0,0.0,0.0,0.0,0.0,0.0,0.0,0.0,0.0,0.0,0.0,14.2800,44.0400,0.0,0.0,0.0,0.0,0.0,0.0,0.0,0.0,0.0,0.0,0.0,0.0,15.24,0.0,0.0,0.0,0.0,0.0,0.0,0.0,0.0,0.0,0.0,0.0,0.0,0.0,0.0,0.0,0.0,0.0,0.0
24590.142,74001.42,77176.0,336.110,0.0,0.0,3979.88,223.070,489.25,64.1400,21.75,0.0,0.0,0.0,0.0,0.0,0.0,0.0,36.6000,0.0,0.0,0.0,0.0,0.0,0.0,0.0,0.0,0.0,0.0,0.0,0.0,0.0,0.0,0.0,0.0,44.7000,10.55,0.0,0.0,0.0,0.0,0.0,0.0,0.0,0.0,0.0,0.0,0.0,0.0,20.5500,0.0,0.0,0.0,0.0,0.0,0.0,0.0,0.0,0.0,0.0,0.0,0.0,0.0,0.0,0.0,0.0,0.0,0.0,0.0,0.0,0.0,0.0
24601.8592,74006.42,77176.0,479.670,0.0,0.0,5426.24,282.440,587.520,144.510,43.5,0.0,0.0,0.0,0.0,0.0,0.0,17.0,71.1100,41.2600,0.0,0.0,0.0,0.0,0.0,0.0,0.0,0.0,0.0,0.0,0.0,0.0,0.0,0.0,0.0,0.0,0.0,0.0,0.0,0.0,37.09,0.0,0.0,0.0,0.0,0.0,0.0,0.0,0.0,41.1000,16.0500,0.0,0.0,0.0,0.0,0.0,0.0,0.0,0.0,0.0,0.0,0.0,0.0,0.0,0.0,0.0,0.0,0.0,0.0,0.0,0.0,0.0
24614.6416,74011.42,77176.0,79.2000,0.0,0.0,4377.95,145.100,204.150,0.0,0.0,0.0,0.0,0.0,16.35,0.0,32.4500,0.0,78.2200,14.8,0.0,0.0,40.0400,0.0,0.0,0.0,0.0,0.0,26.6,0.0,0.0,0.0,0.0,0.0,0.0,0.0,0.0,0.0,0.0,0.0,0.0,0.0,0.0,8.28000,0.0,0.0,0.0,0.0,0.0,0.0,0.0,0.0,0.0,0.0,0.0,0.0,0.0,0.0,0.0,0.0,0.0,0.0,0.0,0.0,0.0,0.0,0.0,0.0,0.0,0.0,0.0,0.0
24627.424,74016.42,77176.0,512.890,0.0,0.0,5729.01,127.890,414.630,58.52,0.0,0.0,0.0,0.0,0.0,0.0,0.0,0.0,154.720,147.890,0.0,0.0,0.0,0.0,0.0,0.0,0.0,92.5400,42.5600,0.0,0.0,0.0,0.0,0.0,0.0,9.32,61.4900,0.0,0.0,0.0,0.0,87.75,0.0,0.0,0.0,0.0,0.0,0.0,0.0,0.0,0.0,0.0,0.0,0.0,0.0,0.0,0.0,0.0,0.0,0.0,0.0,0.0,0.0,0.0,0.0,0.0,75.6000,0.0,0.0,0.0,0.0,0.0
24639.1412,74021.42,77176.0,168.600,0.0,0.0,3781.06,329.320,211.870,25.32,0.0,0.0,0.0,0.0,0.0,0.0,54.7400,0.0,114.650,0.0,0.0,0.0,0.0,0.0,0.0,0.0,0.0,0.0,95.2600,0.0,0.0,0.0,0.0,0.0,0.0,23.0,68.0400,0.0,0.0,0.0,70.7000,0.0,0.0,0.0,0.0,0.0,0.0,0.0,0.0,0.0,0.0,0.0,0.0,0.0,0.0,0.0,0.0,0.0,0.0,0.0,0.0,0.0,0.0,0.0,0.0,0.0,0.0,0.0,0.0,0.0,0.0,0.0
24651.9236,74026.42,77176.0,383.060,0.0,0.0,2611.90,448.290,291.220,150.940,0.0,0.0,0.0,0.0,0.0,0.0,12.76,0.0,112.090,0.0,0.0,0.0,0.0,0.0,0.0,0.0,0.0,0.0,0.0,0.0,0.0,0.0,0.0,0.0,0.0,46.0,0.0,0.0,0.0,118.950,0.0,0.0,0.0,0.0,0.0,0.0,0.0,0.0,0.0,0.0,0.0,0.0,0.0,0.0,0.0,0.0,0.0,0.0,47.9700,0.0,0.0,0.0,0.0,0.0,0.0,0.0,0.0,0.0,0.0,0.0,0.0,0.0
24664.706,74031.42,77176.0,130.200,0.0,0.0,3396.13,245.040,165.930,176.660,0.0,0.0,0.0,0.0,0.0,0.0,0.0,0.0,0.0,0.0,0.0,0.0,0.0,0.0,0.0,0.0,0.0,94.5,66.9800,0.0,0.0,0.0,0.0,0.0,0.0,0.0,46.2000,0.0,0.0,0.0,0.0,0.0,0.0,0.0,0.0,0.0,0.0,0.0,0.0,0.0,0.0,0.0,0.0,61.8000,0.0,0.0,0.0,0.0,0.0,0.0,0.0,0.0,0.0,0.0,0.0,0.0,69.3000,0.0,0.0,0.0,0.0,0.0
24677.4884,74036.42,77176.0,220.970,0.0,0.0,3563.34,194.0,298.560,170.990,0.0,0.0,0.0,0.0,0.0,0.0,42.25,12.88,94.9100,27.52,0.0,0.0,0.0,0.0,0.0,14.3,48.02,0.0,14.1,0.0,0.0,0.0,0.0,0.0,0.0,0.0,15.8,0.0,0.0,0.0,0.0,0.0,0.0,0.0,0.0,0.0,0.0,0.0,0.0,0.0,0.0,0.0,0.0,0.0,0.0,0.0,0.0,0.0,0.0,77.2200,0.0,0.0,0.0,0.0,0.0,0.0,42.9600,0.0,0.0,0.0,0.0,0.0
24689.2056,74041.42,77176.0,303.770,0.0,0.0,2956.37,239.770,212.120,34.7000,0.0,0.0,0.0,0.0,0.0,0.0,28.3000,0.0,66.9000,16.25,0.0,0.0,35.1500,0.0,0.0,76.8300,0.0,0.0,47.9700,0.0,0.0,0.0,0.0,0.0,0.0,0.0,14.4,0.0,0.0,0.0,0.0,0.0,0.0,0.0,0.0,0.0,0.0,0.0,0.0,0.0,0.0,0.0,0.0,0.0,0.0,0.0,0.0,0.0,0.0,0.0,0.0,0.0,0.0,0.0,0.0,0.0,0.0,0.0,0.0,0.0,0.0,0.0
24701.988,74046.42,77176.0,228.860,0.0,0.0,3968.52,311.330,349.280,27.16,0.0,0.0,0.0,0.0,0.0,0.0,0.0,0.0,109.600,0.0,0.0,0.0,0.0,0.0,0.0,0.0,0.0,19.08,19.6400,0.0,0.0,0.0,0.0,0.0,0.0,0.0,28.8000,0.0,0.0,0.0,0.0,0.0,0.0,0.0,0.0,0.0,0.0,0.0,0.0,0.0,0.0,0.0,0.0,0.0,0.0,0.0,0.0,0.0,0.0,0.0,0.0,0.0,0.0,0.0,0.0,0.0,0.0,0.0,0.0,0.0,0.0,0.0
24714.7704,74051.42,77176.0,191.180,0.0,0.0,4703.85,123.280,346.100,117.600,0.0,0.0,0.0,0.0,0.0,0.0,17.4400,0.0,67.8300,0.0,11.36,0.0,0.0,0.0,0.0,0.0,0.0,20.2000,0.0,0.0,0.0,0.0,0.0,0.0,0.0,0.0,12.3,0.0,0.0,0.0,0.0,0.0,0.0,0.0,0.0,0.0,0.0,0.0,0.0,0.0,0.0,0.0,0.0,0.0,0.0,0.0,0.0,0.0,0.0,0.0,0.0,0.0,0.0,0.0,0.0,0.0,0.0,0.0,0.0,0.0,0.0,0.0
24727.5528,74056.42,77176.0,238.390,0.0,0.0,2679.22,548.720,530.830,52.07,0.0,0.0,0.0,0.0,0.0,0.0,66.3600,0.0,154.680,70.0,0.0,0.0,0.0,0.0,0.0,0.0,0.0,0.0,24.3000,0.0,0.0,0.0,0.0,0.0,0.0,0.0,0.0,0.0,0.0,22.25,0.0,0.0,0.0,0.0,0.0,0.0,0.0,0.0,12.35,0.0,0.0,0.0,0.0,0.0,0.0,0.0,0.0,0.0,0.0,0.0,0.0,0.0,0.0,0.0,0.0,0.0,0.0,0.0,0.0,0.0,0.0,0.0
24739.27,74061.42,77176.0,129.610,0.0,0.0,2863.29,183.880,177.320,69.1500,0.0,0.0,0.0,0.0,0.0,0.0,0.0,0.0,27.02,26.6,0.0,17.8000,0.0,0.0,0.0,0.0,0.0,0.0,46.9600,0.0,0.0,0.0,0.0,0.0,0.0,0.0,49.7900,0.0,0.0,44.5,0.0,0.0,0.0,0.0,0.0,0.0,0.0,0.0,0.0,0.0,0.0,0.0,0.0,0.0,0.0,0.0,0.0,0.0,0.0,0.0,0.0,0.0,0.0,0.0,0.0,0.0,0.0,0.0,0.0,0.0,0.0,0.0
24752.0524,74066.42,77176.0,216.530,0.0,0.0,2369.71,38.1500,305.920,67.6000,0.0,0.0,0.0,0.0,0.0,0.0,17.5,42.2000,174.230,0.0,0.0,44.5,0.0,0.0,0.0,40.7000,0.0,0.0,34.9000,0.0,0.0,0.0,0.0,0.0,15.8,17.0,0.0,0.0,0.0,0.0,0.0,0.0,0.0,0.0,0.0,0.0,0.0,0.0,0.0,0.0,0.0,0.0,0.0,0.0,0.0,0.0,0.0,0.0,0.0,0.0,0.0,0.0,0.0,0.0,0.0,0.0,0.0,0.0,0.0,0.0,0.0,0.0
24764.8348,74071.42,77176.0,404.170,0.0,0.0,2507.98,415.340,265.090,0.0,0.0,0.0,0.0,0.0,0.0,0.0,0.0,0.0,19.75,0.0,0.0,0.0,0.0,0.0,0.0,0.0,0.0,0.0,0.0,0.0,0.0,0.0,0.0,0.0,0.0,0.0,14.4,0.0,0.0,0.0,0.0,0.0,0.0,0.0,16.65,0.0,0.0,0.0,0.0,0.0,0.0,0.0,0.0,0.0,0.0,0.0,0.0,0.0,0.0,0.0,0.0,0.0,0.0,0.0,0.0,0.0,0.0,0.0,0.0,0.0,0.0,0.0
24777.6172,74076.42,77176.0,174.110,0.0,0.0,3832.07,244.260,162.580,32.2400,0.0,0.0,0.0,0.0,0.0,0.0,21.65,0.0,71.4900,20.16,0.0,0.0,0.0,0.0,0.0,0.0,0.0,0.0,0.0,0.0,0.0,0.0,0.0,0.0,0.0,0.0,0.0,0.0,0.0,0.0,0.0,15.6400,0.0,0.0,84.4500,0.0,13.92,0.0,0.0,0.0,0.0,0.0,0.0,0.0,0.0,0.0,0.0,0.0,0.0,0.0,0.0,0.0,0.0,0.0,0.0,0.0,0.0,0.0,0.0,0.0,0.0,0.0
24789.3344,74081.42,77176.0,347.060,0.0,0.0,3297.66,379.810,678.860,25.0400,0.0,0.0,0.0,0.0,0.0,0.0,182.460,0.0,39.9000,0.0,0.0,0.0,0.0,0.0,20.5,64.3500,21.65,10.24,0.0,0.0,0.0,0.0,0.0,0.0,0.0,0.0,0.0,0.0,0.0,0.0,0.0,0.0,0.0,0.0,0.0,0.0,0.0,30.9400,0.0,0.0,0.0,0.0,0.0,0.0,0.0,0.0,0.0,0.0,0.0,0.0,0.0,0.0,0.0,0.0,0.0,0.0,0.0,0.0,0.0,0.0,0.0,0.0
24802.1168,74086.42,77176.0,327.650,0.0,0.0,2344.88,448.990,135.340,34.1000,0.0,0.0,0.0,0.0,0.0,0.0,33.1000,0.0,146.890,0.0,0.0,0.0,43.9000,0.0,0.0,0.0,0.0,0.0,56.8500,0.0,0.0,0.0,0.0,0.0,0.0,0.0,0.0,0.0,0.0,0.0,20.3000,0.0,0.0,67.6000,0.0,0.0,0.0,0.0,0.0,0.0,0.0,0.0,0.0,0.0,0.0,0.0,0.0,0.0,0.0,0.0,0.0,0.0,0.0,0.0,0.0,0.0,0.0,0.0,0.0,0.0,0.0,0.0
24814.8992,74091.42,77176.0,318.740,0.0,0.0,2633.36,72.8400,617.660,28.3000,0.0,0.0,0.0,0.0,0.0,0.0,88.2700,0.0,42.6000,0.0,0.0,0.0,0.0,0.0,0.0,0.0,0.0,0.0,106.990,0.0,0.0,0.0,0.0,0.0,0.0,0.0,0.0,0.0,0.0,0.0,19.4,0.0,0.0,21.2800,0.0,0.0,0.0,0.0,0.0,0.0,0.0,0.0,43.4500,0.0,0.0,0.0,0.0,0.0,0.0,0.0,0.0,0.0,0.0,0.0,0.0,0.0,0.0,0.0,0.0,0.0,0.0,0.0
24827.6816,74096.42,77176.0,269.0,0.0,0.0,2999.0,173.290,290.490,170.0,0.0,0.0,0.0,0.0,0.0,0.0,132.070,0.0,96.8400,11.92,0.0,0.0,0.0,0.0,0.0,0.0,0.0,0.0,125.550,0.0,0.0,0.0,0.0,0.0,0.0,0.0,0.0,0.0,0.0,0.0,31.0400,0.0,0.0,0.0,0.0,0.0,0.0,0.0,0.0,51.75,0.0,0.0,0.0,0.0,0.0,0.0,76.2000,0.0,0.0,0.0,0.0,0.0,0.0,0.0,0.0,0.0,86.5200,0.0,0.0,0.0,0.0,0.0
24839.3988,74101.42,77176.0,270.130,0.0,0.0,2748.62,131.430,504.550,205.340,0.0,0.0,0.0,0.0,0.0,0.0,98.9000,0.0,46.32,0.0,0.0,0.0,0.0,0.0,0.0,0.0,0.0,29.2000,0.0,0.0,0.0,0.0,0.0,0.0,0.0,28.2000,0.0,0.0,0.0,0.0,0.0,0.0,8.4,0.0,0.0,0.0,0.0,0.0,0.0,0.0,0.0,0.0,0.0,0.0,0.0,0.0,0.0,0.0,0.0,0.0,0.0,0.0,39.6200,0.0,0.0,56.0300,0.0,0.0,0.0,0.0,0.0,0.0
24852.1812,74106.42,77176.0,242.630,0.0,0.0,2709.74,288.75,206.560,0.0,0.0,0.0,0.0,0.0,0.0,0.0,70.9800,0.0,16.65,0.0,0.0,0.0,0.0,0.0,0.0,0.0,0.0,0.0,0.0,0.0,0.0,0.0,0.0,0.0,0.0,0.0,0.0,0.0,0.0,0.0,13.55,0.0,112.050,14.48,0.0,0.0,0.0,0.0,0.0,0.0,0.0,0.0,0.0,0.0,0.0,0.0,0.0,0.0,0.0,0.0,0.0,0.0,0.0,0.0,0.0,0.0,0.0,24.65,0.0,0.0,0.0,0.0
24864.9636,74111.42,77176.0,621.010,146.350,20.35,26919.7,948.700,1144.29,131.130,0.0,0.0,0.0,0.0,0.0,0.0,47.5500,8.48,148.960,0.0,0.0,0.0,0.0,0.0,0.0,74.0,0.0,0.0,0.0,0.0,0.0,0.0,0.0,0.0,0.0,0.0,11.04,0.0,0.0,0.0,0.0,36.0,0.0,0.0,0.0,0.0,0.0,0.0,0.0,0.0,0.0,0.0,0.0,0.0,0.0,0.0,0.0,0.0,0.0,0.0,0.0,0.0,0.0,0.0,0.0,0.0,0.0,0.0,0.0,0.0,0.0,0.0
24877.746,74116.42,77176.0,413.510,0.0,59.0400,19122.0,601.770,653.150,48.7100,0.0,0.0,0.0,0.0,24.15,0.0,33.1000,0.0,191.640,78.9000,0.0,0.0,0.0,0.0,0.0,29.1200,0.0,0.0,0.0,0.0,0.0,0.0,0.0,0.0,0.0,0.0,52.0400,0.0,0.0,0.0,9.28000,0.0,0.0,0.0,0.0,0.0,0.0,0.0,0.0,0.0,0.0,0.0,0.0,0.0,0.0,0.0,0.0,0.0,0.0,0.0,0.0,0.0,0.0,0.0,0.0,0.0,0.0,0.0,0.0,0.0,0.0,0.0
24889.4632,74121.42,77176.0,693.210,0.0,0.0,20537.4,821.890,816.75,212.520,8.76,0.0,0.0,20.15,0.0,0.0,46.34,0.0,284.700,0.0,0.0,0.0,0.0,0.0,0.0,0.0,0.0,0.0,17.0,0.0,0.0,0.0,0.0,0.0,0.0,0.0,0.0,0.0,0.0,0.0,0.0,0.0,0.0,0.0,0.0,0.0,0.0,0.0,0.0,0.0,0.0,0.0,0.0,0.0,0.0,0.0,0.0,0.0,0.0,0.0,0.0,0.0,0.0,0.0,0.0,0.0,0.0,0.0,0.0,0.0,0.0,0.0
24902.2456,74126.42,77176.0,263.75,0.0,0.0,4688.20,91.4900,456.490,36.6000,21.9,0.0,0.0,0.0,0.0,0.0,0.0,0.0,56.75,0.0,0.0,0.0,0.0,0.0,0.0,80.6500,0.0,0.0,25.75,0.0,0.0,0.0,0.0,0.0,0.0,16.9500,0.0,0.0,0.0,0.0,62.7900,0.0,0.0,0.0,0.0,0.0,0.0,0.0,0.0,0.0,0.0,0.0,0.0,0.0,0.0,0.0,0.0,0.0,0.0,0.0,0.0,0.0,0.0,0.0,0.0,0.0,0.0,0.0,0.0,0.0,0.0,0.0
24915.028,74131.42,77176.0,233.5,0.0,0.0,6257.95,294.300,997.850,17.0500,0.0,0.0,0.0,0.0,0.0,0.0,34.2000,0.0,45.1000,0.0,0.0,0.0,0.0,0.0,0.0,0.0,0.0,14.3,0.0,0.0,0.0,0.0,0.0,0.0,0.0,0.0,13.65,0.0,0.0,0.0,0.0,0.0,0.0,0.0,0.0,0.0,0.0,0.0,0.0,0.0,0.0,0.0,0.0,0.0,0.0,0.0,0.0,0.0,0.0,203.25,0.0,0.0,0.0,0.0,0.0,34.0500,0.0,0.0,0.0,0.0,0.0,0.0
24927.8104,74136.42,77176.0,259.700,19.76,0.0,2140.38,414.780,523.510,0.0,35.7000,0.0,0.0,0.0,31.08,0.0,89.5900,0.0,26.08,0.0,0.0,0.0,0.0,0.0,0.0,24.4500,0.0,25.67,0.0,0.0,0.0,0.0,0.0,0.0,0.0,0.0,0.0,0.0,0.0,0.0,0.0,0.0,0.0,0.0,0.0,0.0,0.0,0.0,0.0,0.0,0.0,0.0,0.0,0.0,12.2,0.0,0.0,0.0,0.0,0.0,0.0,0.0,0.0,0.0,0.0,0.0,0.0,0.0,0.0,0.0,0.0,0.0
24939.5276,74141.42,77176.0,514.820,12.7200,75.2800,8806.28,495.920,733.640,19.0,0.0,0.0,0.0,0.0,0.0,0.0,60.02,0.0,22.26,10.76,0.0,0.0,0.0,0.0,0.0,44.52,0.0,12.48,0.0,0.0,0.0,0.0,0.0,0.0,0.0,0.0,0.0,0.0,0.0,0.0,0.0,0.0,0.0,0.0,0.0,0.0,0.0,0.0,0.0,0.0,0.0,0.0,0.0,0.0,0.0,0.0,0.0,0.0,0.0,0.0,0.0,0.0,0.0,0.0,0.0,0.0,0.0,0.0,0.0,0.0,0.0,0.0
24952.31,74146.42,77176.0,92.4700,0.0,54.6500,22305.7,838.440,1202.52,61.8800,0.0,0.0,0.0,0.0,0.0,0.0,26.3000,0.0,21.83,66.6900,0.0,0.0,58.3700,0.0,0.0,45.5,0.0,30.65,32.0400,0.0,0.0,20.8000,0.0,0.0,0.0,0.0,113.050,0.0,0.0,0.0,0.0,31.4,0.0,0.0,0.0,0.0,0.0,0.0,0.0,0.0,0.0,0.0,0.0,0.0,0.0,0.0,0.0,0.0,0.0,0.0,0.0,0.0,0.0,0.0,0.0,13.2,0.0,0.0,0.0,0.0,0.0,0.0
24965.0924,74151.42,77176.0,356.420,0.0,190.020,28915.2,1610.05,841.860,144.860,0.0,0.0,0.0,0.0,0.0,0.0,10.4,0.0,496.210,60.9200,0.0,0.0,0.0,0.0,0.0,0.0,0.0,0.0,19.4,0.0,0.0,33.2800,0.0,0.0,0.0,0.0,39.0400,0.0,0.0,0.0,0.0,0.0,0.0,0.0,0.0,0.0,0.0,0.0,0.0,0.0,0.0,0.0,0.0,0.0,0.0,0.0,0.0,0.0,0.0,0.0,0.0,0.0,0.0,0.0,0.0,10.35,0.0,0.0,0.0,0.0,0.0,0.0
24977.8748,74156.42,77176.0,11.71,15.7,0.0,9869.34,322.930,520.840,57.1000,0.0,0.0,0.0,0.0,0.0,0.0,64.68,0.0,130.190,10.92,0.0,0.0,0.0,0.0,0.0,118.110,0.0,0.0,0.0,0.0,0.0,0.0,0.0,0.0,0.0,0.0,14.35,0.0,0.0,0.0,35.2100,0.0,10.76,0.0,0.0,0.0,0.0,0.0,0.0,0.0,0.0,0.0,0.0,0.0,0.0,0.0,0.0,0.0,0.0,0.0,0.0,0.0,0.0,0.0,0.0,0.0,0.0,0.0,0.0,0.0,0.0,0.0
24989.592,74161.42,77176.0,329.490,0.0,0.0,7823.92,413.190,386.130,158.580,0.0,0.0,0.0,0.0,0.0,0.0,49.25,0.0,23.1,13.3600,0.0,0.0,0.0,0.0,0.0,0.0,0.0,0.0,31.33,0.0,0.0,0.0,0.0,0.0,0.0,0.0,84.1700,0.0,0.0,0.0,0.0,0.0,0.0,72.1000,0.0,0.0,0.0,0.0,0.0,0.0,0.0,0.0,0.0,0.0,0.0,0.0,0.0,0.0,0.0,0.0,0.0,0.0,0.0,0.0,0.0,0.0,0.0,0.0,0.0,0.0,0.0,0.0
25002.3744,74166.42,77176.0,232.870,0.0,60.32,6744.20,526.650,224.670,102.650,0.0,0.0,0.0,141.260,0.0,0.0,33.8500,59.5500,0.0,34.6500,0.0,0.0,47.5500,0.0,0.0,12.15,0.0,0.0,0.0,0.0,0.0,0.0,0.0,0.0,0.0,0.0,0.0,0.0,0.0,0.0,0.0,0.0,0.0,0.0,0.0,0.0,0.0,0.0,0.0,0.0,0.0,0.0,0.0,0.0,0.0,0.0,0.0,0.0,0.0,0.0,0.0,0.0,0.0,0.0,0.0,0.0,0.0,0.0,0.0,0.0,0.0,0.0
25015.1568,74171.42,77176.0,311.950,0.0,0.0,3315.77,116.960,149.080,28.65,0.0,0.0,0.0,0.0,0.0,0.0,80.0300,0.0,93.93,0.0,0.0,0.0,0.0,0.0,0.0,0.0,0.0,0.0,0.0,0.0,0.0,0.0,0.0,0.0,0.0,0.0,0.0,0.0,0.0,0.0,0.0,0.0,0.0,0.0,0.0,0.0,0.0,0.0,0.0,0.0,0.0,0.0,15.08,0.0,0.0,12.2800,0.0,0.0,0.0,0.0,0.0,0.0,0.0,0.0,0.0,0.0,0.0,0.0,0.0,0.0,0.0,0.0
25026.874,74176.42,77176.0,255.210,67.4700,0.0,2626.30,147.5,437.480,10.8,0.0,0.0,0.0,121.400,0.0,0.0,12.65,0.0,6.45,0.0,0.0,0.0,0.0,0.0,0.0,29.6800,0.0,0.0,12.9,0.0,0.0,0.0,0.0,0.0,0.0,0.0,0.0,0.0,0.0,0.0,0.0,0.0,13.85,0.0,0.0,0.0,0.0,0.0,0.0,0.0,0.0,0.0,0.0,0.0,0.0,0.0,0.0,0.0,0.0,0.0,0.0,0.0,0.0,0.0,0.0,0.0,0.0,0.0,0.0,0.0,0.0,0.0
25039.6564,74181.42,77176.0,724.320,0.0,0.0,3181.58,196.390,394.810,92.0400,0.0,0.0,0.0,0.0,0.0,0.0,13.45,28.9,0.0,9.6,0.0,51.9000,0.0,0.0,0.0,69.0200,0.0,0.0,0.0,0.0,0.0,0.0,0.0,0.0,0.0,23.2000,32.4000,0.0,0.0,0.0,0.0,0.0,41.2600,0.0,0.0,0.0,0.0,0.0,0.0,0.0,0.0,0.0,0.0,0.0,0.0,0.0,0.0,0.0,0.0,0.0,0.0,0.0,0.0,0.0,0.0,0.0,0.0,0.0,0.0,0.0,0.0,12.4
25052.4388,74186.42,77176.0,88.9400,0.0,0.0,1926.52,160.520,483.800,25.68,0.0,0.0,0.0,0.0,0.0,0.0,112.460,0.0,179.650,75.7000,0.0,0.0,0.0,0.0,0.0,106.800,0.0,55.16,0.0,0.0,0.0,0.0,0.0,0.0,36.1400,27.9200,0.0,0.0,0.0,0.0,11.4,0.0,33.9000,0.0,0.0,0.0,0.0,0.0,0.0,0.0,0.0,0.0,0.0,0.0,0.0,0.0,0.0,0.0,0.0,0.0,0.0,0.0,17.3600,0.0,0.0,0.0,0.0,0.0,0.0,0.0,0.0,0.0
25065.2212,74191.42,77176.0,155.520,0.0,0.0,2642.39,257.820,523.650,52.8000,0.0,0.0,0.0,0.0,0.0,0.0,0.0,12.9,69.8500,40.75,0.0,0.0,0.0,0.0,0.0,11.32,0.0,33.4500,0.0,0.0,0.0,0.0,0.0,0.0,0.0,0.0,0.0,0.0,0.0,0.0,0.0,0.0,0.0,0.0,0.0,0.0,0.0,0.0,0.0,0.0,0.0,0.0,0.0,0.0,0.0,0.0,0.0,0.0,0.0,50.1000,0.0,0.0,0.0,0.0,0.0,0.0,0.0,0.0,0.0,0.0,0.0,0.0
25076.9384,74196.42,77176.0,325.450,0.0,0.0,3255.69,125.400,653.100,51.0100,16.85,0.0,0.0,0.0,0.0,0.0,0.0,0.0,40.2000,0.0,0.0,0.0,0.0,0.0,0.0,0.0,0.0,0.0,12.9,0.0,0.0,0.0,0.0,0.0,0.0,0.0,0.0,0.0,0.0,0.0,0.0,0.0,9.16,0.0,0.0,0.0,0.0,0.0,0.0,0.0,0.0,0.0,0.0,0.0,0.0,0.0,0.0,0.0,0.0,0.0,0.0,0.0,0.0,0.0,0.0,0.0,0.0,0.0,0.0,0.0,0.0,0.0
25089.7208,74201.42,77176.0,207.460,0.0,0.0,4246.88,253.050,165.100,0.0,0.0,0.0,0.0,0.0,0.0,0.0,60.8100,0.0,31.2800,0.0,0.0,0.0,0.0,0.0,0.0,22.3000,0.0,20.1200,0.0,0.0,0.0,0.0,0.0,28.24,0.0,0.0,0.0,0.0,0.0,0.0,0.0,0.0,0.0,0.0,0.0,0.0,0.0,0.0,0.0,0.0,0.0,0.0,0.0,0.0,0.0,0.0,0.0,0.0,0.0,0.0,0.0,0.0,0.0,0.0,0.0,0.0,11.35,0.0,0.0,0.0,0.0,0.0
25102.5032,74206.42,77176.0,492.140,0.0,0.0,3635.37,209.830,67.5500,0.0,0.0,0.0,0.0,0.0,0.0,0.0,0.0,28.6,57.4500,17.7000,0.0,0.0,0.0,0.0,0.0,0.0,0.0,0.0,15.85,0.0,0.0,0.0,0.0,70.6000,0.0,0.0,0.0,0.0,0.0,0.0,0.0,0.0,0.0,0.0,0.0,0.0,0.0,0.0,0.0,0.0,0.0,0.0,0.0,0.0,0.0,0.0,0.0,0.0,0.0,0.0,0.0,0.0,0.0,0.0,0.0,0.0,0.0,0.0,0.0,0.0,0.0,0.0
25115.2856,74211.42,77176.0,331.580,0.0,0.0,2470.5,210.650,345.840,24.3100,0.0,0.0,0.0,0.0,0.0,0.0,96.9500,0.0,189.180,0.0,0.0,33.0,0.0,0.0,0.0,0.0,0.0,0.0,0.0,0.0,0.0,0.0,0.0,0.0,0.0,0.0,0.0,0.0,0.0,0.0,48.1500,0.0,0.0,0.0,0.0,0.0,0.0,0.0,0.0,0.0,0.0,0.0,0.0,0.0,0.0,0.0,0.0,0.0,0.0,0.0,0.0,0.0,0.0,0.0,0.0,19.3000,0.0,0.0,0.0,0.0,0.0,0.0
25127.0028,74216.42,77176.0,287.0,0.0,0.0,3021.73,229.040,310.060,52.4500,0.0,0.0,0.0,0.0,0.0,0.0,48.6500,30.65,37.57,24.9600,0.0,0.0,0.0,0.0,0.0,0.0,0.0,15.68,0.0,0.0,0.0,0.0,0.0,0.0,0.0,0.0,0.0,0.0,0.0,56.5600,0.0,0.0,0.0,0.0,0.0,0.0,0.0,0.0,0.0,0.0,0.0,0.0,54.1500,0.0,0.0,0.0,0.0,0.0,0.0,0.0,0.0,0.0,0.0,0.0,0.0,38.6000,0.0,0.0,0.0,0.0,0.0,0.0
25139.7852,74221.42,77176.0,135.200,0.0,0.0,3795.19,49.1200,508.300,15.6400,0.0,0.0,0.0,0.0,0.0,0.0,64.6100,0.0,25.91,0.0,0.0,0.0,32.25,0.0,0.0,0.0,0.0,0.0,0.0,0.0,0.0,0.0,0.0,0.0,0.0,10.24,0.0,0.0,0.0,0.0,0.0,0.0,0.0,0.0,0.0,0.0,0.0,0.0,0.0,12.16,0.0,0.0,0.0,0.0,0.0,0.0,0.0,0.0,0.0,0.0,0.0,0.0,0.0,0.0,0.0,0.0,0.0,0.0,0.0,0.0,0.0,24.08
25152.5676,74226.42,77176.0,109.670,0.0,0.0,3274.77,818.530,245.260,39.1000,0.0,0.0,0.0,0.0,0.0,0.0,60.0,0.0,61.8000,132.230,0.0,0.0,0.0,0.0,0.0,0.0,0.0,0.0,0.0,0.0,0.0,0.0,0.0,0.0,0.0,0.0,36.75,0.0,0.0,0.0,0.0,0.0,14.3,0.0,0.0,0.0,0.0,0.0,15.48,0.0,0.0,0.0,0.0,0.0,0.0,0.0,0.0,0.0,0.0,0.0,0.0,0.0,0.0,0.0,0.0,0.0,0.0,0.0,0.0,0.0,0.0,0.0
25165.35,74231.42,77176.0,128.630,0.0,0.0,3035.67,141.760,280.390,29.75,0.0,0.0,0.0,0.0,0.0,0.0,30.9400,0.0,26.0,0.0,0.0,0.0,0.0,0.0,0.0,45.25,0.0,0.0,0.0,0.0,0.0,0.0,0.0,0.0,0.0,0.0,0.0,0.0,0.0,0.0,0.0,0.0,0.0,0.0,0.0,0.0,0.0,0.0,0.0,0.0,12.8,0.0,0.0,0.0,0.0,0.0,0.0,0.0,0.0,0.0,0.0,0.0,0.0,0.0,0.0,0.0,0.0,0.0,0.0,0.0,0.0,0.0
25177.0672,74236.42,77176.0,205.310,0.0,0.0,1870.42,491.380,158.540,59.2600,0.0,0.0,0.0,0.0,0.0,0.0,15.4,0.0,7.24,0.0,0.0,0.0,0.0,0.0,0.0,60.5,0.0,0.0,0.0,0.0,0.0,0.0,0.0,0.0,0.0,22.8000,68.3000,0.0,0.0,0.0,0.0,0.0,0.0,0.0,0.0,0.0,0.0,0.0,0.0,0.0,0.0,0.0,0.0,27.52,0.0,0.0,0.0,0.0,0.0,0.0,0.0,0.0,0.0,0.0,0.0,0.0,0.0,0.0,0.0,0.0,0.0,0.0
25189.8496,74241.42,77176.0,208.320,0.0,0.0,3128.93,156.780,299.190,93.5500,0.0,0.0,0.0,0.0,0.0,0.0,9.76,0.0,160.200,0.0,0.0,0.0,0.0,0.0,0.0,0.0,0.0,20.2800,0.0,0.0,0.0,0.0,0.0,0.0,0.0,0.0,0.0,0.0,0.0,0.0,0.0,0.0,0.0,0.0,0.0,0.0,0.0,0.0,0.0,0.0,0.0,0.0,0.0,68.8000,0.0,0.0,0.0,0.0,0.0,0.0,0.0,0.0,0.0,0.0,0.0,0.0,23.08,0.0,0.0,0.0,0.0,0.0
25202.632,74246.42,77176.0,288.530,0.0,0.0,2846.08,197.220,275.400,37.0500,0.0,0.0,0.0,0.0,0.0,0.0,132.150,0.0,10.1,0.0,0.0,0.0,0.0,0.0,0.0,0.0,0.0,0.0,0.0,0.0,0.0,0.0,0.0,0.0,72.3000,0.0,0.0,0.0,0.0,0.0,0.0,0.0,0.0,0.0,0.0,0.0,0.0,0.0,0.0,0.0,0.0,0.0,0.0,0.0,0.0,0.0,0.0,0.0,0.0,0.0,0.0,0.0,0.0,0.0,0.0,0.0,57.7000,0.0,0.0,0.0,0.0,0.0
25215.4144,74251.42,77176.0,327.760,0.0,0.0,3459.49,133.520,377.770,34.1900,0.0,0.0,0.0,0.0,0.0,0.0,31.9,0.0,0.0,0.0,0.0,0.0,0.0,0.0,0.0,26.82,0.0,0.0,0.0,0.0,0.0,0.0,0.0,0.0,0.0,0.0,0.0,46.9000,0.0,0.0,0.0,0.0,49.2000,0.0,0.0,0.0,0.0,0.0,0.0,0.0,0.0,0.0,0.0,0.0,0.0,0.0,0.0,0.0,0.0,0.0,0.0,0.0,0.0,0.0,0.0,0.0,0.0,0.0,0.0,0.0,0.0,0.0
25227.1316,74256.42,77176.0,496.280,0.0,0.0,2615.99,204.720,341.810,12.65,12.35,0.0,0.0,0.0,0.0,0.0,112.810,0.0,107.960,25.15,0.0,0.0,0.0,0.0,0.0,109.540,0.0,26.6,7.48,0.0,0.0,0.0,0.0,0.0,0.0,0.0,0.0,0.0,0.0,0.0,9.8,0.0,0.0,0.0,0.0,0.0,0.0,0.0,0.0,0.0,15.32,0.0,0.0,0.0,0.0,0.0,0.0,0.0,0.0,0.0,0.0,0.0,0.0,0.0,0.0,0.0,0.0,0.0,0.0,0.0,0.0,0.0
25239.914,74261.42,77176.0,286.020,0.0,0.0,3255.90,134.330,278.410,78.6500,0.0,0.0,0.0,0.0,0.0,0.0,0.0,0.0,116.840,76.9900,0.0,0.0,0.0,0.0,0.0,0.0,0.0,0.0,50.2000,0.0,0.0,0.0,0.0,0.0,0.0,0.0,0.0,0.0,0.0,0.0,0.0,0.0,0.0,0.0,0.0,0.0,0.0,0.0,0.0,0.0,0.0,0.0,0.0,0.0,0.0,0.0,0.0,0.0,0.0,0.0,0.0,0.0,0.0,0.0,0.0,17.9,15.75,0.0,0.0,0.0,0.0,0.0
25252.6964,74266.42,77176.0,380.540,0.0,0.0,2160.49,177.010,263.490,0.0,0.0,0.0,0.0,0.0,0.0,0.0,140.140,0.0,77.2000,0.0,0.0,0.0,198.940,0.0,0.0,70.0500,0.0,0.0,0.0,0.0,0.0,0.0,0.0,0.0,0.0,0.0,37.3500,0.0,0.0,0.0,0.0,0.0,33.3000,0.0,0.0,75.0,0.0,0.0,0.0,0.0,0.0,0.0,0.0,0.0,0.0,0.0,0.0,0.0,0.0,0.0,0.0,0.0,0.0,0.0,0.0,0.0,29.77,0.0,0.0,0.0,0.0,0.0
25265.4788,74271.42,77176.0,521.880,0.0,0.0,2891.82,112.110,222.640,0.0,0.0,0.0,0.0,0.0,0.0,0.0,101.610,0.0,22.65,0.0,0.0,0.0,0.0,0.0,0.0,0.0,0.0,21.9500,0.0,0.0,0.0,0.0,0.0,0.0,0.0,0.0,0.0,11.6,0.0,0.0,0.0,0.0,65.4700,0.0,0.0,21.2000,0.0,0.0,0.0,0.0,0.0,0.0,0.0,0.0,0.0,0.0,0.0,0.0,0.0,0.0,0.0,0.0,0.0,0.0,0.0,0.0,0.0,0.0,0.0,0.0,0.0,0.0
25277.196,74276.42,77176.0,569.110,0.0,0.0,3811.86,175.330,253.390,74.4000,0.0,0.0,0.0,0.0,0.0,0.0,35.5500,67.8600,35.1400,0.0,0.0,0.0,0.0,0.0,0.0,0.0,0.0,0.0,0.0,0.0,0.0,0.0,0.0,0.0,0.0,0.0,0.0,11.5600,0.0,0.0,0.0,0.0,0.0,0.0,0.0,0.0,0.0,0.0,0.0,0.0,0.0,0.0,0.0,0.0,0.0,0.0,0.0,0.0,0.0,0.0,0.0,0.0,0.0,0.0,0.0,0.0,0.0,0.0,0.0,0.0,0.0,0.0
25289.9784,74281.42,77176.0,498.200,0.0,0.0,2126.63,22.09,84.57,0.0,0.0,0.0,0.0,0.0,0.0,0.0,0.0,0.0,39.9000,58.1900,0.0,0.0,0.0,0.0,0.0,22.4500,0.0,0.0,0.0,0.0,0.0,0.0,0.0,0.0,0.0,0.0,69.75,0.0,0.0,0.0,0.0,0.0,0.0,0.0,0.0,0.0,0.0,0.0,0.0,0.0,0.0,0.0,0.0,0.0,0.0,0.0,0.0,0.0,0.0,0.0,0.0,0.0,0.0,0.0,0.0,0.0,0.0,0.0,0.0,0.0,0.0,0.0
25302.7608,74286.42,77176.0,369.510,0.0,0.0,2423.06,173.820,416.240,108.940,0.0,0.0,0.0,0.0,0.0,0.0,21.7200,0.0,131.220,0.0,0.0,0.0,0.0,0.0,0.0,15.7,0.0,30.0500,32.8500,0.0,0.0,0.0,0.0,0.0,0.0,0.0,76.5500,0.0,0.0,0.0,0.0,0.0,0.0,0.0,0.0,0.0,0.0,0.0,0.0,0.0,0.0,0.0,0.0,0.0,0.0,0.0,0.0,0.0,0.0,0.0,0.0,0.0,0.0,0.0,0.0,49.7900,0.0,0.0,0.0,0.0,0.0,0.0
25315.5432,74291.42,77176.0,148.320,66.6400,0.0,3919.01,310.390,516.950,59.9000,0.0,0.0,0.0,0.0,0.0,0.0,60.02,0.0,83.9400,0.0,0.0,0.0,0.0,0.0,0.0,0.0,0.0,48.0800,0.0,0.0,0.0,0.0,0.0,0.0,0.0,0.0,0.0,0.0,0.0,0.0,0.0,0.0,0.0,0.0,0.0,0.0,0.0,0.0,0.0,0.0,0.0,0.0,0.0,0.0,0.0,0.0,0.0,0.0,0.0,0.0,0.0,0.0,0.0,0.0,0.0,0.0,0.0,0.0,0.0,20.24,0.0,0.0
25327.2604,74296.42,77176.0,294.130,0.0,0.0,2720.33,150.290,83.3500,0.0,0.0,0.0,0.0,0.0,0.0,0.0,0.0,0.0,90.9200,13.0,0.0,0.0,0.0,0.0,0.0,10.08,0.0,0.0,31.0400,0.0,0.0,0.0,0.0,0.0,0.0,10.7,0.0,0.0,0.0,0.0,0.0,0.0,34.7200,0.0,0.0,0.0,0.0,0.0,0.0,0.0,0.0,0.0,0.0,0.0,0.0,0.0,0.0,0.0,0.0,0.0,0.0,0.0,0.0,0.0,0.0,52.3500,11.12,0.0,0.0,0.0,0.0,0.0
25340.0428,74301.42,77176.0,58.2000,66.75,0.0,3063.52,86.9500,536.25,0.0,0.0,0.0,0.0,0.0,0.0,0.0,0.0,0.0,54.4500,32.5,0.0,0.0,0.0,0.0,0.0,0.0,0.0,0.0,0.0,0.0,0.0,0.0,0.0,0.0,0.0,0.0,0.0,0.0,0.0,0.0,10.75,0.0,0.0,0.0,0.0,0.0,0.0,0.0,0.0,0.0,0.0,0.0,0.0,0.0,0.0,0.0,0.0,0.0,0.0,46.0400,0.0,0.0,0.0,0.0,0.0,0.0,0.0,0.0,0.0,0.0,0.0,0.0
25352.8252,74306.42,77176.0,300.430,64.5500,0.0,2323.58,163.550,230.970,18.8000,0.0,0.0,0.0,0.0,0.0,0.0,98.1400,0.0,104.0,38.25,0.0,0.0,0.0,0.0,0.0,65.4000,0.0,118.200,14.4,0.0,0.0,0.0,0.0,0.0,0.0,0.0,0.0,0.0,0.0,0.0,0.0,0.0,0.0,0.0,0.0,0.0,0.0,0.0,0.0,0.0,0.0,0.0,0.0,0.0,0.0,0.0,0.0,0.0,0.0,16.65,0.0,0.0,0.0,0.0,0.0,0.0,0.0,0.0,0.0,0.0,0.0,0.0
25365.6076,74311.42,77176.0,611.900,0.0,0.0,3118.03,210.610,255.210,14.5,0.0,0.0,0.0,0.0,0.0,0.0,16.25,0.0,30.75,0.0,0.0,0.0,0.0,0.0,0.0,49.7000,0.0,0.0,0.0,0.0,0.0,0.0,0.0,0.0,68.1200,0.0,0.0,0.0,0.0,0.0,8.68,0.0,12.8,0.0,0.0,0.0,0.0,0.0,0.0,0.0,0.0,0.0,0.0,0.0,0.0,0.0,0.0,0.0,0.0,0.0,0.0,0.0,0.0,0.0,0.0,0.0,0.0,0.0,0.0,0.0,0.0,0.0
25377.3248,74316.42,77176.0,348.75,0.0,0.0,2634.25,251.330,341.170,76.32,0.0,0.0,0.0,61.0400,31.48,0.0,20.9,0.0,52.4500,0.0,0.0,0.0,9.88,0.0,0.0,70.75,0.0,0.0,0.0,0.0,0.0,0.0,30.85,0.0,0.0,0.0,0.0,0.0,0.0,0.0,0.0,0.0,0.0,0.0,39.2000,0.0,0.0,0.0,0.0,0.0,0.0,0.0,0.0,0.0,0.0,0.0,0.0,0.0,0.0,0.0,0.0,0.0,0.0,0.0,0.0,0.0,0.0,0.0,0.0,0.0,0.0,0.0
25390.1072,74321.42,77176.0,153.0,0.0,0.0,1723.48,134.900,188.5,0.0,0.0,0.0,0.0,0.0,0.0,0.0,17.8000,0.0,28.0,0.0,0.0,46.7600,0.0,0.0,0.0,10.36,0.0,0.0,40.3500,0.0,0.0,0.0,0.0,0.0,0.0,0.0,0.0,0.0,0.0,0.0,40.8000,0.0,0.0,0.0,0.0,0.0,0.0,0.0,0.0,0.0,0.0,0.0,0.0,0.0,33.1000,0.0,0.0,0.0,0.0,0.0,0.0,0.0,0.0,0.0,0.0,9.36,0.0,0.0,0.0,0.0,0.0,0.0
25402.8896,74326.42,77176.0,418.240,0.0,0.0,2993.42,192.950,176.730,14.3600,0.0,0.0,0.0,0.0,0.0,0.0,49.2600,0.0,34.0500,0.0,0.0,0.0,0.0,0.0,0.0,0.0,0.0,0.0,107.270,0.0,0.0,0.0,0.0,0.0,0.0,0.0,80.75,0.0,0.0,0.0,0.0,0.0,0.0,0.0,0.0,0.0,0.0,0.0,0.0,0.0,0.0,0.0,0.0,0.0,0.0,0.0,0.0,0.0,0.0,0.0,0.0,0.0,0.0,0.0,0.0,0.0,0.0,0.0,0.0,0.0,0.0,0.0
25415.672,74331.42,77176.0,350.730,0.0,0.0,3443.27,546.730,136.620,0.0,0.0,0.0,0.0,0.0,0.0,35.3600,65.3500,0.0,51.0500,0.0,0.0,0.0,0.0,0.0,0.0,52.4000,0.0,0.0,0.0,0.0,0.0,0.0,0.0,0.0,0.0,0.0,0.0,0.0,0.0,0.0,92.68,0.0,0.0,0.0,0.0,0.0,21.15,0.0,0.0,0.0,0.0,0.0,0.0,0.0,0.0,0.0,0.0,0.0,0.0,0.0,0.0,0.0,0.0,0.0,0.0,0.0,0.0,0.0,0.0,0.0,0.0,0.0
25427.3892,74336.42,77176.0,147.780,0.0,0.0,2521.63,246.270,157.970,42.3800,0.0,0.0,0.0,0.0,0.0,0.0,30.9600,0.0,23.9600,0.0,0.0,0.0,0.0,0.0,0.0,0.0,0.0,97.3100,94.25,0.0,0.0,0.0,0.0,0.0,0.0,0.0,11.7,0.0,0.0,13.48,0.0,0.0,0.0,0.0,0.0,0.0,0.0,0.0,0.0,0.0,0.0,0.0,0.0,0.0,0.0,0.0,0.0,0.0,0.0,0.0,0.0,0.0,0.0,0.0,0.0,0.0,8.0,32.0600,0.0,0.0,0.0,0.0
25440.1716,74341.42,77176.0,43.5800,0.0,0.0,2302.53,84.7000,173.390,0.0,0.0,0.0,0.0,0.0,0.0,0.0,0.0,0.0,299.300,0.0,0.0,0.0,0.0,0.0,0.0,21.6,0.0,0.0,14.35,0.0,0.0,0.0,0.0,0.0,0.0,0.0,63.1500,0.0,0.0,0.0,0.0,0.0,0.0,0.0,0.0,0.0,0.0,0.0,0.0,0.0,0.0,0.0,0.0,0.0,0.0,0.0,0.0,0.0,0.0,0.0,0.0,0.0,0.0,0.0,0.0,0.0,20.0,0.0,0.0,0.0,0.0,0.0
25452.954,74346.42,77176.0,151.110,0.0,0.0,3589.26,223.400,47.8300,0.0,0.0,0.0,0.0,0.0,0.0,0.0,47.1500,0.0,248.360,0.0,0.0,0.0,0.0,0.0,0.0,0.0,0.0,0.0,11.6,0.0,0.0,0.0,0.0,0.0,0.0,0.0,0.0,0.0,0.0,12.6,0.0,0.0,0.0,0.0,0.0,0.0,0.0,0.0,0.0,0.0,0.0,0.0,0.0,0.0,0.0,0.0,0.0,0.0,0.0,0.0,0.0,0.0,0.0,0.0,0.0,14.15,33.93,12.5600,0.0,0.0,0.0,0.0
25464.6712,74351.42,77176.0,281.740,0.0,0.0,3117.12,63.1400,322.040,69.0800,0.0,0.0,0.0,0.0,0.0,0.0,95.1200,0.0,83.3800,44.1000,0.0,0.0,49.75,0.0,0.0,0.0,0.0,0.0,35.9000,0.0,0.0,0.0,0.0,0.0,0.0,55.4500,0.0,0.0,0.0,0.0,0.0,0.0,0.0,0.0,0.0,0.0,0.0,0.0,0.0,0.0,0.0,0.0,0.0,0.0,0.0,0.0,0.0,0.0,0.0,0.0,0.0,0.0,17.4,0.0,0.0,28.3000,0.0,0.0,0.0,0.0,0.0,0.0
25477.4536,74356.42,77176.0,83.2200,0.0,0.0,3488.20,313.170,147.510,0.0,0.0,0.0,0.0,0.0,0.0,0.0,0.0,0.0,170.860,88.2000,0.0,0.0,0.0,0.0,0.0,0.0,0.0,10.04,0.0,0.0,0.0,0.0,0.0,0.0,0.0,0.0,0.0,0.0,18.2800,0.0,0.0,0.0,0.0,0.0,0.0,0.0,0.0,0.0,0.0,0.0,22.6,0.0,0.0,0.0,0.0,0.0,0.0,0.0,0.0,0.0,0.0,0.0,34.8000,0.0,0.0,0.0,0.0,0.0,0.0,63.4000,0.0,0.0
25490.236,74361.42,77176.0,149.340,0.0,0.0,3256.71,171.310,122.470,436.170,0.0,0.0,0.0,0.0,0.0,0.0,48.5600,0.0,94.5200,16.4,0.0,0.0,0.0,0.0,0.0,0.0,0.0,0.0,0.0,0.0,0.0,0.0,0.0,0.0,0.0,0.0,0.0,0.0,45.7000,0.0,0.0,0.0,32.5,0.0,0.0,0.0,0.0,0.0,0.0,0.0,0.0,0.0,0.0,0.0,0.0,0.0,0.0,0.0,0.0,0.0,0.0,0.0,0.0,0.0,0.0,0.0,0.0,0.0,0.0,158.5,0.0,0.0
25503.0184,74366.42,77176.0,185.900,0.0,0.0,2810.18,79.3500,299.520,14.9,0.0,0.0,0.0,74.25,0.0,0.0,0.0,18.5,0.0,0.0,0.0,0.0,0.0,0.0,0.0,0.0,0.0,0.0,53.6900,0.0,0.0,0.0,0.0,0.0,0.0,0.0,0.0,0.0,0.0,0.0,0.0,0.0,0.0,0.0,0.0,0.0,0.0,0.0,0.0,0.0,0.0,0.0,0.0,0.0,0.0,0.0,0.0,0.0,0.0,60.4000,0.0,0.0,0.0,0.0,0.0,0.0,0.0,0.0,0.0,0.0,0.0,0.0
25514.7356,74371.42,77176.0,309.710,0.0,0.0,3984.43,150.680,304.160,59.34,0.0,0.0,0.0,0.0,0.0,0.0,20.3000,37.0,152.350,0.0,0.0,0.0,0.0,0.0,0.0,75.1500,0.0,41.7200,44.0,0.0,0.0,0.0,0.0,0.0,0.0,0.0,22.8000,0.0,0.0,0.0,0.0,0.0,0.0,0.0,0.0,0.0,0.0,0.0,0.0,0.0,0.0,0.0,0.0,0.0,0.0,0.0,0.0,0.0,0.0,0.0,0.0,0.0,0.0,0.0,0.0,0.0,0.0,0.0,0.0,0.0,0.0,0.0
25527.518,74376.42,77176.0,756.970,0.0,0.0,3222.51,156.040,385.230,14.5,0.0,0.0,0.0,0.0,0.0,0.0,96.2000,0.0,10.04,0.0,0.0,0.0,0.0,0.0,0.0,0.0,0.0,52.5,0.0,0.0,0.0,0.0,0.0,0.0,0.0,0.0,0.0,36.3000,0.0,0.0,0.0,0.0,27.8000,0.0,0.0,0.0,0.0,0.0,0.0,0.0,0.0,0.0,0.0,0.0,0.0,0.0,0.0,0.0,0.0,0.0,0.0,0.0,0.0,0.0,0.0,0.0,42.9500,0.0,0.0,0.0,0.0,0.0
25540.3004,74381.42,77176.0,677.350,0.0,0.0,2559.65,194.410,371.430,15.4,0.0,0.0,0.0,0.0,0.0,0.0,114.75,0.0,50.3300,0.0,0.0,0.0,0.0,0.0,0.0,8.2,0.0,0.0,0.0,0.0,110.100,0.0,0.0,0.0,0.0,0.0,79.3000,0.0,0.0,0.0,0.0,0.0,0.0,0.0,0.0,0.0,0.0,0.0,0.0,0.0,0.0,0.0,0.0,0.0,0.0,0.0,0.0,0.0,0.0,0.0,0.0,0.0,0.0,0.0,0.0,0.0,21.6,0.0,0.0,0.0,0.0,0.0
25553.0828,74386.42,77176.0,364.0,0.0,0.0,3225.84,205.940,221.010,70.2400,0.0,0.0,0.0,0.0,0.0,0.0,27.6400,0.0,78.8800,0.0,0.0,0.0,0.0,0.0,0.0,24.2800,0.0,0.0,0.0,0.0,0.0,0.0,0.0,0.0,0.0,0.0,0.0,0.0,0.0,0.0,0.0,0.0,0.0,0.0,0.0,0.0,0.0,0.0,0.0,0.0,0.0,0.0,0.0,0.0,0.0,0.0,0.0,0.0,0.0,0.0,0.0,0.0,0.0,0.0,0.0,0.0,34.5600,0.0,0.0,0.0,0.0,0.0
25564.8,74391.42,77176.0,302.640,48.75,0.0,1472.12,160.470,609.740,47.0800,0.0,0.0,0.0,0.0,0.0,0.0,0.0,0.0,111.600,43.68,0.0,0.0,0.0,0.0,0.0,21.24,0.0,0.0,27.4400,0.0,0.0,0.0,0.0,0.0,0.0,0.0,63.68,0.0,0.0,0.0,0.0,0.0,0.0,0.0,0.0,0.0,0.0,0.0,0.0,0.0,0.0,0.0,0.0,0.0,0.0,0.0,0.0,0.0,0.0,0.0,0.0,0.0,0.0,0.0,0.0,0.0,0.0,0.0,0.0,0.0,0.0,0.0
25577.5824,74396.42,77176.0,113.690,0.0,0.0,4461.63,366.780,435.780,82.5500,0.0,0.0,0.0,0.0,0.0,0.0,28.2000,0.0,76.2400,8.4,0.0,0.0,0.0,0.0,0.0,49.4000,0.0,0.0,0.0,0.0,0.0,14.4,0.0,0.0,0.0,0.0,0.0,0.0,0.0,0.0,0.0,0.0,0.0,0.0,0.0,0.0,0.0,0.0,0.0,0.0,0.0,0.0,0.0,0.0,0.0,0.0,0.0,0.0,0.0,0.0,0.0,0.0,0.0,0.0,0.0,0.0,0.0,0.0,0.0,0.0,0.0,0.0
25590.3648,74401.42,77176.0,46.9000,0.0,0.0,2620.75,180.260,321.800,195.030,55.9500,0.0,0.0,0.0,0.0,0.0,89.9500,0.0,25.35,67.9500,0.0,0.0,25.9600,0.0,0.0,0.0,0.0,0.0,17.35,0.0,0.0,36.0,0.0,0.0,0.0,0.0,72.1500,0.0,0.0,0.0,0.0,0.0,0.0,0.0,0.0,0.0,0.0,0.0,0.0,0.0,0.0,0.0,0.0,0.0,0.0,0.0,0.0,0.0,0.0,0.0,0.0,0.0,0.0,0.0,0.0,0.0,0.0,0.0,0.0,14.95,0.0,0.0
25603.1472,74406.42,77176.0,266.780,0.0,0.0,3565.37,355.950,516.160,94.43,0.0,0.0,0.0,0.0,0.0,0.0,0.0,0.0,0.0,0.0,0.0,0.0,0.0,0.0,0.0,0.0,0.0,17.32,0.0,0.0,0.0,18.8000,0.0,0.0,0.0,0.0,63.25,0.0,0.0,0.0,20.85,0.0,0.0,0.0,0.0,0.0,0.0,0.0,0.0,0.0,0.0,0.0,0.0,0.0,0.0,0.0,0.0,0.0,0.0,0.0,0.0,0.0,0.0,0.0,0.0,0.0,0.0,0.0,0.0,0.0,0.0,0.0
25614.8644,74411.42,77176.0,434.340,0.0,0.0,4571.11,139.0,187.840,45.5800,0.0,0.0,0.0,0.0,0.0,0.0,54.4500,0.0,0.0,0.0,0.0,0.0,0.0,0.0,0.0,16.9,0.0,9.75,20.0,0.0,0.0,37.6000,0.0,0.0,0.0,0.0,126.5,0.0,0.0,0.0,0.0,0.0,0.0,0.0,0.0,0.0,0.0,0.0,0.0,0.0,0.0,0.0,0.0,0.0,0.0,0.0,0.0,0.0,0.0,15.7,0.0,0.0,0.0,0.0,0.0,0.0,0.0,0.0,0.0,0.0,0.0,0.0
25627.6468,74416.42,77176.0,329.720,0.0,0.0,2748.78,314.260,433.030,35.6000,0.0,0.0,0.0,0.0,0.0,0.0,211.550,0.0,68.9000,0.0,0.0,0.0,0.0,0.0,0.0,0.0,0.0,0.0,0.0,0.0,0.0,0.0,0.0,0.0,0.0,0.0,0.0,0.0,0.0,0.0,0.0,0.0,0.0,0.0,0.0,0.0,0.0,0.0,0.0,0.0,0.0,0.0,0.0,0.0,0.0,0.0,0.0,0.0,0.0,0.0,0.0,0.0,0.0,0.0,0.0,0.0,0.0,0.0,0.0,0.0,0.0,0.0
25640.4292,74421.42,77176.0,101.510,0.0,0.0,4378.42,318.920,136.540,0.0,0.0,0.0,0.0,0.0,0.0,0.0,62.7600,0.0,93.8100,0.0,0.0,0.0,0.0,0.0,0.0,0.0,0.0,0.0,0.0,0.0,0.0,0.0,0.0,0.0,0.0,0.0,0.0,0.0,0.0,20.25,0.0,0.0,0.0,0.0,0.0,0.0,0.0,0.0,0.0,0.0,0.0,0.0,0.0,0.0,0.0,0.0,0.0,0.0,0.0,0.0,0.0,0.0,0.0,0.0,0.0,0.0,0.0,0.0,0.0,0.0,0.0,0.0
25653.2116,74426.42,77176.0,285.830,0.0,0.0,3740.55,358.020,284.550,38.7400,0.0,0.0,0.0,0.0,0.0,0.0,13.32,0.0,213.320,0.0,0.0,0.0,41.25,0.0,0.0,20.16,0.0,0.0,0.0,0.0,0.0,0.0,0.0,34.1500,0.0,0.0,0.0,0.0,0.0,0.0,0.0,0.0,0.0,0.0,0.0,0.0,0.0,0.0,0.0,0.0,0.0,0.0,0.0,0.0,0.0,0.0,0.0,0.0,0.0,0.0,0.0,0.0,0.0,0.0,0.0,0.0,0.0,0.0,0.0,0.0,0.0,0.0
25664.9288,74431.42,77176.0,223.75,0.0,0.0,3268.82,277.310,91.5200,10.2800,0.0,0.0,0.0,0.0,0.0,0.0,19.4500,18.4500,0.0,21.5600,0.0,0.0,0.0,0.0,0.0,0.0,0.0,0.0,0.0,0.0,0.0,0.0,0.0,0.0,0.0,0.0,0.0,0.0,0.0,0.0,0.0,44.2400,0.0,0.0,0.0,0.0,0.0,0.0,0.0,0.0,0.0,0.0,0.0,0.0,0.0,0.0,0.0,0.0,0.0,0.0,0.0,0.0,0.0,0.0,0.0,0.0,0.0,0.0,0.0,0.0,0.0,0.0
25677.7112,74436.42,77176.0,421.230,0.0,0.0,2608.5,255.420,146.800,99.3000,0.0,0.0,0.0,0.0,0.0,0.0,11.55,0.0,25.65,0.0,0.0,0.0,0.0,0.0,0.0,72.7200,0.0,0.0,0.0,0.0,0.0,0.0,0.0,0.0,0.0,0.0,0.0,0.0,0.0,0.0,0.0,0.0,13.7,0.0,0.0,0.0,0.0,0.0,0.0,0.0,0.0,0.0,0.0,0.0,0.0,0.0,0.0,0.0,0.0,0.0,0.0,0.0,0.0,0.0,0.0,0.0,0.0,0.0,0.0,0.0,0.0,0.0
25690.4936,74441.42,77176.0,131.75,0.0,0.0,2609.10,77.0,208.740,60.0500,0.0,0.0,0.0,0.0,0.0,0.0,70.8400,0.0,27.67,0.0,0.0,0.0,0.0,0.0,0.0,0.0,0.0,0.0,0.0,0.0,0.0,0.0,0.0,0.0,0.0,0.0,29.7000,0.0,0.0,0.0,46.7600,0.0,33.4500,0.0,0.0,0.0,0.0,0.0,0.0,55.9000,0.0,0.0,0.0,0.0,0.0,0.0,0.0,0.0,0.0,0.0,0.0,0.0,0.0,0.0,0.0,0.0,0.0,0.0,0.0,0.0,0.0,0.0
25703.276,74446.42,77176.0,42.4000,0.0,0.0,2670.09,295.910,206.970,63.8800,0.0,0.0,0.0,0.0,0.0,0.0,0.0,15.0,13.05,0.0,0.0,0.0,0.0,0.0,0.0,0.0,0.0,0.0,0.0,0.0,0.0,0.0,0.0,0.0,0.0,0.0,0.0,0.0,0.0,0.0,0.0,0.0,0.0,0.0,0.0,0.0,0.0,0.0,0.0,0.0,0.0,0.0,0.0,0.0,0.0,0.0,0.0,0.0,0.0,0.0,0.0,0.0,0.0,0.0,0.0,0.0,0.0,0.0,0.0,0.0,0.0,0.0
25714.9932,74451.42,77176.0,106.340,0.0,0.0,4148.82,396.410,289.170,61.9400,0.0,0.0,0.0,0.0,0.0,0.0,0.0,0.0,29.24,0.0,0.0,0.0,0.0,0.0,0.0,0.0,0.0,0.0,0.0,0.0,0.0,0.0,0.0,0.0,0.0,0.0,0.0,0.0,10.68,0.0,0.0,0.0,0.0,0.0,0.0,0.0,0.0,0.0,0.0,0.0,0.0,0.0,0.0,0.0,0.0,0.0,0.0,0.0,0.0,0.0,0.0,0.0,0.0,0.0,0.0,0.0,0.0,0.0,0.0,0.0,0.0,0.0
25727.7756,74456.42,77176.0,133.030,0.0,0.0,3099.02,215.140,188.690,140.850,0.0,0.0,0.0,0.0,0.0,0.0,16.0400,0.0,81.9200,0.0,0.0,0.0,0.0,0.0,0.0,0.0,0.0,0.0,0.0,0.0,0.0,0.0,0.0,0.0,0.0,16.1200,0.0,0.0,0.0,10.15,0.0,0.0,0.0,0.0,0.0,0.0,0.0,0.0,0.0,14.56,0.0,0.0,0.0,0.0,0.0,0.0,0.0,0.0,0.0,0.0,0.0,0.0,0.0,0.0,0.0,0.0,0.0,0.0,0.0,0.0,0.0,0.0
25740.558,74461.42,77176.0,345.520,0.0,0.0,3323.91,120.160,163.900,0.0,33.3600,0.0,0.0,0.0,0.0,0.0,84.4700,0.0,154.390,0.0,0.0,0.0,0.0,0.0,0.0,0.0,0.0,0.0,0.0,0.0,0.0,0.0,0.0,0.0,0.0,0.0,80.5,0.0,0.0,0.0,0.0,0.0,0.0,0.0,0.0,12.2,0.0,0.0,0.0,0.0,0.0,0.0,0.0,0.0,0.0,0.0,0.0,0.0,0.0,0.0,0.0,0.0,0.0,0.0,0.0,0.0,0.0,0.0,0.0,0.0,0.0,0.0
25753.3404,74466.42,77176.0,548.770,0.0,0.0,2978.33,275.640,173.770,0.0,0.0,0.0,0.0,0.0,0.0,141.450,0.0,0.0,13.32,0.0,0.0,0.0,0.0,0.0,0.0,28.75,0.0,36.66,0.0,0.0,0.0,0.0,8.28000,0.0,0.0,0.0,17.75,0.0,0.0,0.0,0.0,0.0,0.0,0.0,0.0,0.0,0.0,0.0,0.0,0.0,0.0,0.0,0.0,0.0,0.0,0.0,0.0,0.0,0.0,0.0,0.0,0.0,0.0,0.0,0.0,0.0,0.0,0.0,0.0,0.0,0.0,0.0
25765.0576,74471.42,77176.0,89.2200,0.0,0.0,2742.15,158.870,356.320,18.4,0.0,0.0,0.0,0.0,0.0,0.0,0.0,0.0,29.0300,0.0,0.0,0.0,0.0,0.0,0.0,12.04,0.0,0.0,11.48,0.0,0.0,0.0,0.0,0.0,0.0,0.0,0.0,0.0,0.0,15.44,0.0,0.0,0.0,0.0,0.0,0.0,0.0,0.0,0.0,0.0,0.0,0.0,0.0,24.75,0.0,0.0,0.0,0.0,0.0,0.0,0.0,0.0,0.0,0.0,0.0,0.0,0.0,0.0,0.0,0.0,0.0,0.0
25777.84,74476.42,77176.0,252.260,24.5500,0.0,2708.43,110.800,439.880,80.32,0.0,0.0,0.0,0.0,0.0,0.0,0.0,0.0,101.710,7.96,0.0,0.0,0.0,0.0,0.0,31.85,0.0,21.7000,130.650,0.0,0.0,0.0,0.0,0.0,24.65,0.0,28.5,0.0,0.0,28.6,0.0,0.0,21.6,0.0,0.0,0.0,0.0,0.0,0.0,0.0,0.0,0.0,0.0,0.0,0.0,0.0,0.0,0.0,0.0,0.0,0.0,0.0,0.0,0.0,0.0,0.0,12.15,10.2,0.0,0.0,0.0,0.0
25790.6224,74481.42,77176.0,418.990,0.0,24.75,4371.48,206.380,492.890,80.1000,0.0,0.0,0.0,0.0,0.0,0.0,0.0,15.45,10.0,0.0,0.0,0.0,0.0,0.0,0.0,24.32,0.0,9.72000,15.9,0.0,0.0,0.0,0.0,0.0,0.0,0.0,11.3,0.0,0.0,45.7600,0.0,0.0,0.0,0.0,0.0,0.0,0.0,0.0,0.0,0.0,0.0,0.0,0.0,0.0,0.0,0.0,0.0,0.0,0.0,0.0,0.0,0.0,0.0,0.0,0.0,0.0,0.0,0.0,0.0,0.0,0.0,0.0
25803.4048,74486.42,77176.0,195.450,116.330,110.340,50156.2,2914.97,978.620,261.390,0.0,0.0,0.0,0.0,0.0,0.0,37.75,0.0,0.0,0.0,0.0,0.0,93.4000,0.0,0.0,0.0,0.0,0.0,65.9400,0.0,0.0,0.0,0.0,0.0,0.0,0.0,22.6,0.0,0.0,0.0,9.8,0.0,0.0,0.0,0.0,0.0,0.0,27.9200,0.0,35.4000,0.0,0.0,0.0,0.0,0.0,0.0,0.0,0.0,0.0,0.0,0.0,0.0,0.0,0.0,0.0,0.0,0.0,0.0,0.0,0.0,0.0,0.0
25815.122,74491.42,77176.0,622.540,121.43,105.850,185543.0,9914.08,8101.0,392.25,0.0,0.0,0.0,66.5,0.0,0.0,101.460,14.4,0.0,0.0,0.0,0.0,80.1500,0.0,0.0,62.4000,0.0,0.0,26.4500,0.0,0.0,0.0,0.0,0.0,0.0,0.0,49.1400,0.0,0.0,0.0,0.0,0.0,83.3300,0.0,0.0,0.0,0.0,0.0,0.0,0.0,0.0,0.0,0.0,0.0,0.0,0.0,0.0,0.0,0.0,0.0,0.0,0.0,0.0,0.0,0.0,0.0,0.0,0.0,0.0,0.0,0.0,0.0
25827.9044,74496.42,77176.0,918.310,322.020,213.400,80216.5,3061.08,2664.68,487.530,148.200,0.0,0.0,0.0,0.0,0.0,0.0,55.3300,74.7000,0.0,0.0,0.0,0.0,0.0,0.0,0.0,0.0,0.0,0.0,0.0,0.0,0.0,0.0,0.0,0.0,0.0,27.65,0.0,0.0,0.0,0.0,0.0,12.65,0.0,0.0,0.0,0.0,0.0,0.0,0.0,0.0,0.0,0.0,0.0,0.0,0.0,0.0,0.0,0.0,0.0,0.0,0.0,0.0,0.0,19.35,22.9500,0.0,0.0,0.0,0.0,0.0,0.0
25840.6868,74501.42,77176.0,2261.01,813.600,830.610,172431.0,8598.40,5303.90,639.230,0.0,0.0,0.0,0.0,83.8300,0.0,48.9000,0.0,110.960,24.68,0.0,0.0,13.15,0.0,0.0,15.2,0.0,0.0,223.100,0.0,0.0,0.0,0.0,0.0,0.0,0.0,17.76,0.0,0.0,0.0,0.0,0.0,0.0,0.0,0.0,0.0,0.0,0.0,0.0,0.0,0.0,0.0,0.0,0.0,0.0,0.0,0.0,0.0,0.0,0.0,0.0,0.0,0.0,0.0,30.9600,0.0,0.0,0.0,0.0,0.0,0.0,0.0
25852.404,74506.42,77176.0,1451.0,831.720,688.650,224949.0,13039.1,8174.39,268.140,0.0,0.0,0.0,0.0,22.9600,0.0,76.6300,0.0,177.75,0.0,0.0,0.0,47.7000,0.0,0.0,0.0,0.0,0.0,34.3500,0.0,0.0,0.0,0.0,0.0,0.0,0.0,23.4,0.0,0.0,32.0,0.0,0.0,0.0,0.0,0.0,0.0,0.0,0.0,0.0,45.0800,0.0,0.0,0.0,0.0,0.0,0.0,0.0,0.0,0.0,0.0,0.0,0.0,0.0,0.0,0.0,0.0,0.0,0.0,0.0,0.0,0.0,0.0
25865.1864,74511.42,77176.0,1499.05,674.920,822.900,236214.0,12826.2,10314.8,152.930,51.1000,0.0,0.0,0.0,0.0,0.0,0.0,0.0,83.0300,69.4600,0.0,0.0,0.0,0.0,0.0,0.0,0.0,11.64,85.93,0.0,0.0,0.0,0.0,0.0,0.0,29.84,0.0,0.0,0.0,0.0,0.0,0.0,0.0,20.9600,0.0,0.0,0.0,0.0,0.0,0.0,0.0,0.0,0.0,0.0,0.0,0.0,0.0,0.0,0.0,0.0,0.0,0.0,0.0,0.0,0.0,0.0,0.0,0.0,0.0,0.0,0.0,0.0
25877.9688,74516.42,77176.0,702.480,47.8500,167.400,63378.1,2630.98,2177.20,109.050,0.0,0.0,0.0,0.0,0.0,0.0,0.0,0.0,21.4,0.0,0.0,0.0,73.6500,0.0,0.0,0.0,0.0,60.9000,73.9400,0.0,0.0,0.0,0.0,0.0,0.0,0.0,0.0,0.0,0.0,0.0,0.0,0.0,0.0,23.4,0.0,0.0,0.0,0.0,0.0,0.0,0.0,0.0,0.0,0.0,0.0,0.0,0.0,0.0,0.0,0.0,0.0,0.0,0.0,0.0,0.0,0.0,0.0,0.0,0.0,0.0,0.0,0.0
25890.7512,74521.42,77176.0,778.270,224.310,166.0,43168.0,1858.72,1434.12,125.760,0.0,0.0,0.0,0.0,0.0,0.0,80.9600,0.0,63.34,0.0,0.0,45.8900,0.0,0.0,0.0,19.1,0.0,67.7200,0.0,14.95,0.0,0.0,0.0,0.0,0.0,0.0,85.3500,0.0,0.0,0.0,0.0,11.52,0.0,104.700,0.0,0.0,0.0,0.0,0.0,0.0,0.0,0.0,0.0,0.0,0.0,0.0,0.0,0.0,0.0,0.0,0.0,0.0,0.0,0.0,0.0,0.0,0.0,0.0,0.0,0.0,0.0,0.0
25902.4684,74526.42,77176.0,645.0,19.0,85.5500,26512.6,677.900,925.5,135.100,0.0,0.0,0.0,0.0,0.0,0.0,0.0,0.0,106.450,0.0,0.0,0.0,0.0,0.0,0.0,25.6,0.0,133.800,18.35,0.0,0.0,0.0,0.0,0.0,0.0,22.85,19.9,0.0,0.0,0.0,0.0,0.0,0.0,33.8000,0.0,0.0,0.0,0.0,0.0,0.0,0.0,0.0,0.0,0.0,0.0,0.0,0.0,0.0,0.0,0.0,0.0,0.0,0.0,0.0,0.0,0.0,0.0,0.0,0.0,0.0,0.0,18.5500
25915.2508,74531.42,77176.0,298.220,39.1500,73.0500,21048.4,807.170,420.220,32.8000,0.0,0.0,0.0,0.0,0.0,0.0,160.840,0.0,30.15,28.9,0.0,13.3,0.0,0.0,0.0,23.41,0.0,0.0,0.0,0.0,0.0,0.0,0.0,0.0,0.0,45.7000,0.0,0.0,0.0,14.2,0.0,0.0,26.4500,0.0,0.0,0.0,0.0,0.0,0.0,0.0,0.0,0.0,0.0,0.0,0.0,0.0,0.0,0.0,0.0,0.0,0.0,0.0,0.0,0.0,0.0,0.0,0.0,0.0,0.0,14.55,0.0,0.0
25928.0332,74536.42,77176.0,522.570,0.0,10.2800,10477.5,536.820,258.740,47.7000,0.0,0.0,0.0,0.0,0.0,0.0,0.0,0.0,42.1500,53.25,0.0,0.0,0.0,0.0,0.0,44.7000,0.0,0.0,26.8000,0.0,0.0,0.0,0.0,0.0,0.0,0.0,0.0,0.0,0.0,0.0,0.0,0.0,0.0,0.0,0.0,0.0,0.0,0.0,0.0,0.0,0.0,0.0,0.0,0.0,0.0,0.0,0.0,0.0,0.0,0.0,0.0,0.0,0.0,0.0,0.0,0.0,0.0,0.0,0.0,0.0,0.0,0.0
25940.8156,74541.42,77176.0,239.700,17.6400,0.0,3511.52,150.210,187.220,15.88,0.0,0.0,0.0,10.75,0.0,0.0,8.84,0.0,29.24,35.5500,0.0,0.0,0.0,0.0,0.0,0.0,0.0,44.4600,0.0,0.0,0.0,0.0,0.0,0.0,0.0,15.52,12.12,0.0,0.0,0.0,0.0,0.0,0.0,0.0,0.0,0.0,0.0,0.0,29.2000,0.0,0.0,0.0,0.0,0.0,0.0,0.0,0.0,0.0,0.0,0.0,0.0,0.0,0.0,0.0,0.0,0.0,0.0,0.0,0.0,0.0,0.0,0.0
25952.5328,74546.42,77176.0,54.7900,0.0,0.0,2711.59,391.300,395.100,11.6,0.0,0.0,0.0,0.0,0.0,0.0,43.8000,0.0,148.870,0.0,0.0,0.0,0.0,0.0,0.0,0.0,0.0,0.0,24.4600,0.0,0.0,0.0,0.0,0.0,0.0,0.0,0.0,0.0,0.0,0.0,0.0,0.0,0.0,0.0,0.0,0.0,0.0,0.0,58.4000,0.0,0.0,0.0,0.0,0.0,0.0,0.0,0.0,0.0,0.0,0.0,0.0,0.0,0.0,0.0,0.0,0.0,0.0,0.0,0.0,0.0,0.0,0.0
25965.3152,74551.42,77176.0,294.590,0.0,0.0,2663.68,183.120,784.660,103.230,0.0,0.0,0.0,0.0,0.0,0.0,59.4000,27.0500,98.4500,0.0,0.0,0.0,0.0,0.0,0.0,0.0,0.0,0.0,0.0,0.0,0.0,0.0,0.0,0.0,0.0,0.0,13.9600,0.0,0.0,0.0,0.0,0.0,0.0,0.0,0.0,0.0,0.0,0.0,0.0,0.0,0.0,0.0,0.0,0.0,0.0,0.0,0.0,0.0,0.0,0.0,0.0,0.0,0.0,0.0,0.0,0.0,0.0,0.0,12.0,0.0,0.0,0.0
25978.0976,74556.42,77176.0,359.430,0.0,0.0,2383.32,547.800,292.230,34.8000,0.0,0.0,0.0,0.0,0.0,0.0,0.0,0.0,63.0,15.9,0.0,0.0,0.0,0.0,0.0,56.5500,0.0,0.0,0.0,0.0,0.0,0.0,0.0,0.0,0.0,0.0,0.0,0.0,0.0,0.0,24.8000,0.0,58.0500,0.0,0.0,0.0,0.0,0.0,0.0,0.0,0.0,0.0,0.0,0.0,0.0,0.0,0.0,0.0,0.0,0.0,0.0,0.0,0.0,0.0,0.0,0.0,0.0,21.2000,0.0,0.0,0.0,0.0
25990.88,74561.42,77176.0,78.0100,0.0,0.0,4221.66,280.5,309.310,46.8500,0.0,0.0,0.0,0.0,0.0,0.0,69.7800,0.0,18.8800,51.6100,0.0,0.0,0.0,0.0,0.0,12.16,0.0,0.0,46.6200,0.0,0.0,0.0,0.0,0.0,0.0,0.0,66.0800,12.7200,0.0,0.0,0.0,0.0,0.0,0.0,0.0,0.0,0.0,0.0,0.0,0.0,0.0,0.0,0.0,0.0,0.0,0.0,0.0,0.0,0.0,0.0,0.0,0.0,0.0,0.0,0.0,0.0,0.0,0.0,0.0,0.0,0.0,0.0
26002.5972,74566.42,77176.0,392.850,0.0,0.0,4056.85,169.210,423.850,118.620,0.0,0.0,0.0,77.8400,0.0,0.0,58.0300,0.0,0.0,227.370,53.6200,14.08,0.0,0.0,0.0,23.7200,0.0,0.0,16.68,0.0,0.0,0.0,0.0,0.0,0.0,0.0,0.0,0.0,0.0,0.0,39.7800,0.0,0.0,0.0,0.0,0.0,0.0,0.0,0.0,0.0,0.0,0.0,0.0,0.0,0.0,0.0,0.0,0.0,0.0,0.0,0.0,0.0,0.0,0.0,0.0,0.0,0.0,0.0,0.0,0.0,0.0,0.0
26015.3796,74571.42,77176.0,448.980,164.200,0.0,72976.8,3834.08,2984.79,103.580,0.0,0.0,0.0,0.0,0.0,0.0,0.0,0.0,84.0900,0.0,0.0,0.0,0.0,0.0,0.0,0.0,0.0,0.0,23.0400,0.0,30.35,0.0,0.0,0.0,0.0,0.0,0.0,0.0,0.0,0.0,0.0,0.0,0.0,0.0,0.0,0.0,0.0,0.0,0.0,0.0,0.0,0.0,0.0,0.0,0.0,0.0,0.0,0.0,0.0,0.0,0.0,0.0,0.0,18.9,0.0,0.0,0.0,27.5600,0.0,0.0,0.0,0.0
26028.162,74576.42,77176.0,306.160,53.1500,0.0,6546.93,273.550,158.870,63.6700,0.0,0.0,0.0,26.8000,0.0,0.0,0.0,0.0,69.75,0.0,17.4500,0.0,0.0,0.0,0.0,0.0,0.0,0.0,11.35,0.0,0.0,0.0,0.0,0.0,0.0,0.0,0.0,0.0,0.0,0.0,0.0,0.0,0.0,13.8400,0.0,0.0,0.0,0.0,0.0,0.0,0.0,0.0,0.0,0.0,0.0,0.0,0.0,0.0,0.0,0.0,0.0,0.0,0.0,0.0,0.0,0.0,0.0,0.0,0.0,0.0,0.0,0.0
26040.9444,74581.42,77176.0,352.830,85.0400,0.0,4383.01,74.4200,266.5,0.0,0.0,0.0,0.0,0.0,0.0,0.0,0.0,0.0,99.5800,0.0,82.68,0.0,0.0,0.0,0.0,0.0,0.0,0.0,12.5600,0.0,0.0,0.0,0.0,0.0,0.0,47.7000,0.0,0.0,0.0,0.0,0.0,0.0,0.0,0.0,0.0,0.0,0.0,0.0,0.0,0.0,0.0,0.0,0.0,0.0,0.0,0.0,0.0,0.0,0.0,0.0,0.0,0.0,0.0,0.0,0.0,0.0,0.0,0.0,0.0,0.0,0.0,0.0
26052.6616,74586.42,77176.0,209.25,0.0,0.0,2488.65,73.8900,280.910,57.75,0.0,0.0,0.0,0.0,0.0,0.0,0.0,0.0,35.6000,0.0,0.0,0.0,0.0,0.0,22.75,29.25,0.0,56.02,14.56,0.0,0.0,0.0,0.0,0.0,0.0,0.0,0.0,0.0,0.0,0.0,0.0,30.24,0.0,0.0,0.0,0.0,0.0,0.0,0.0,0.0,17.6,0.0,0.0,0.0,17.48,0.0,0.0,0.0,0.0,0.0,0.0,0.0,0.0,0.0,0.0,0.0,0.0,0.0,0.0,0.0,0.0,0.0
26065.444,74591.42,77176.0,175.050,0.0,0.0,3154.27,357.0,492.260,0.0,0.0,0.0,0.0,0.0,0.0,0.0,82.4000,0.0,154.140,0.0,0.0,0.0,0.0,0.0,0.0,12.0,0.0,0.0,70.4000,0.0,0.0,0.0,0.0,0.0,0.0,0.0,0.0,0.0,0.0,0.0,0.0,0.0,0.0,0.0,0.0,0.0,0.0,0.0,0.0,0.0,0.0,0.0,0.0,0.0,0.0,0.0,0.0,0.0,0.0,0.0,0.0,0.0,0.0,0.0,0.0,0.0,0.0,0.0,0.0,0.0,0.0,0.0
26078.2264,74596.42,77176.0,232.660,0.0,15.45,2807.95,129.710,168.910,35.6000,0.0,0.0,0.0,0.0,0.0,0.0,0.0,0.0,105.880,15.75,0.0,0.0,0.0,0.0,0.0,0.0,0.0,0.0,20.6,0.0,0.0,0.0,0.0,0.0,0.0,25.4,79.2800,0.0,0.0,0.0,0.0,0.0,15.95,0.0,0.0,0.0,0.0,0.0,0.0,0.0,0.0,0.0,0.0,0.0,0.0,0.0,0.0,0.0,0.0,0.0,0.0,0.0,0.0,0.0,0.0,0.0,10.36,0.0,0.0,0.0,0.0,0.0
26091.0088,74601.42,77176.0,281.730,0.0,24.7200,2974.75,172.670,371.720,85.68,0.0,0.0,0.0,13.68,0.0,0.0,72.2800,0.0,25.3000,22.08,0.0,0.0,0.0,0.0,0.0,0.0,0.0,0.0,19.2000,0.0,0.0,0.0,0.0,0.0,0.0,12.65,8.88,0.0,0.0,0.0,0.0,0.0,0.0,0.0,0.0,11.8,0.0,0.0,0.0,0.0,0.0,0.0,0.0,0.0,0.0,0.0,0.0,0.0,0.0,0.0,0.0,0.0,0.0,0.0,0.0,0.0,0.0,0.0,0.0,0.0,0.0,0.0
26102.726,74606.42,77176.0,90.0600,0.0,0.0,3304.03,179.540,257.590,40.9500,0.0,0.0,0.0,0.0,18.6,0.0,216.080,0.0,71.3700,0.0,0.0,0.0,0.0,0.0,0.0,22.3600,0.0,0.0,85.5,0.0,0.0,0.0,0.0,0.0,0.0,0.0,19.08,0.0,0.0,8.84,0.0,0.0,0.0,0.0,0.0,23.6,0.0,0.0,0.0,0.0,0.0,0.0,0.0,30.68,0.0,0.0,65.9400,0.0,0.0,0.0,0.0,0.0,0.0,0.0,0.0,0.0,0.0,93.1500,0.0,0.0,0.0,0.0
26115.5084,74611.42,77176.0,253.220,0.0,0.0,3020.42,270.820,40.0300,119.790,0.0,0.0,0.0,0.0,0.0,0.0,0.0,46.9500,8.64,15.1,0.0,0.0,0.0,0.0,0.0,130.240,0.0,0.0,17.0,0.0,0.0,0.0,0.0,0.0,0.0,0.0,0.0,0.0,0.0,0.0,0.0,0.0,0.0,0.0,24.35,0.0,0.0,0.0,0.0,0.0,0.0,0.0,0.0,0.0,0.0,0.0,0.0,0.0,0.0,0.0,0.0,0.0,0.0,0.0,0.0,0.0,0.0,0.0,0.0,0.0,0.0,0.0
26128.2908,74616.42,77176.0,215.020,0.0,0.0,3535.09,138.330,152.5,23.0,0.0,0.0,0.0,0.0,0.0,0.0,15.6,0.0,122.770,41.8500,0.0,0.0,0.0,0.0,0.0,0.0,0.0,0.0,0.0,0.0,0.0,0.0,0.0,0.0,0.0,0.0,27.16,0.0,0.0,0.0,0.0,0.0,0.0,0.0,0.0,0.0,0.0,0.0,0.0,0.0,0.0,0.0,0.0,0.0,0.0,0.0,0.0,0.0,0.0,0.0,0.0,0.0,0.0,0.0,0.0,0.0,0.0,0.0,0.0,0.0,0.0,0.0
26141.0732,74621.42,77176.0,501.830,0.0,0.0,3251.81,94.3000,129.840,112.720,0.0,0.0,0.0,0.0,0.0,0.0,24.6,0.0,33.9200,13.32,0.0,0.0,20.75,0.0,0.0,0.0,0.0,0.0,0.0,0.0,0.0,0.0,0.0,0.0,0.0,0.0,19.5,0.0,0.0,0.0,0.0,0.0,0.0,0.0,0.0,0.0,0.0,0.0,0.0,0.0,0.0,0.0,0.0,0.0,0.0,0.0,0.0,0.0,0.0,0.0,0.0,0.0,0.0,0.0,0.0,0.0,0.0,0.0,0.0,0.0,0.0,0.0
26152.7904,74626.42,77176.0,252.5,0.0,8.76,2249.01,176.900,147.950,96.3600,0.0,0.0,0.0,0.0,0.0,0.0,177.530,0.0,127.32,0.0,0.0,0.0,41.5,0.0,0.0,0.0,0.0,0.0,121.940,0.0,0.0,0.0,0.0,0.0,0.0,0.0,39.0,0.0,0.0,0.0,11.05,0.0,44.66,0.0,0.0,0.0,0.0,0.0,0.0,0.0,0.0,0.0,0.0,0.0,0.0,0.0,0.0,0.0,0.0,0.0,0.0,0.0,0.0,0.0,0.0,0.0,0.0,0.0,0.0,0.0,0.0,23.4500
26165.5728,74631.42,77176.0,167.470,0.0,0.0,2281.34,161.180,290.240,146.900,0.0,0.0,0.0,0.0,0.0,0.0,18.08,0.0,0.0,37.48,0.0,0.0,0.0,0.0,0.0,0.0,13.95,0.0,0.0,0.0,0.0,0.0,0.0,0.0,0.0,0.0,0.0,0.0,0.0,0.0,0.0,0.0,0.0,0.0,0.0,0.0,0.0,0.0,0.0,0.0,0.0,0.0,0.0,0.0,0.0,0.0,0.0,0.0,0.0,0.0,0.0,0.0,0.0,0.0,0.0,0.0,0.0,0.0,0.0,0.0,0.0,0.0
26178.3552,74636.42,77176.0,535.880,0.0,0.0,1481.99,329.100,235.180,64.8800,0.0,0.0,0.0,0.0,0.0,0.0,24.9,0.0,84.3500,52.8000,0.0,0.0,0.0,0.0,0.0,0.0,0.0,0.0,0.0,0.0,0.0,0.0,0.0,0.0,0.0,10.04,10.84,0.0,0.0,0.0,0.0,0.0,0.0,0.0,0.0,0.0,0.0,0.0,0.0,0.0,0.0,0.0,0.0,0.0,0.0,0.0,0.0,0.0,0.0,0.0,0.0,0.0,0.0,0.0,0.0,0.0,0.0,0.0,0.0,0.0,0.0,0.0
26191.1376,74641.42,77176.0,484.540,0.0,0.0,4028.91,252.380,360.5,0.0,0.0,0.0,0.0,0.0,0.0,0.0,81.2600,0.0,121.040,0.0,0.0,0.0,0.0,0.0,0.0,63.98,0.0,13.56,25.8800,0.0,0.0,0.0,0.0,0.0,0.0,38.5500,13.95,0.0,0.0,0.0,0.0,0.0,0.0,0.0,0.0,0.0,0.0,0.0,0.0,0.0,0.0,0.0,0.0,0.0,0.0,0.0,0.0,0.0,0.0,23.4500,0.0,0.0,0.0,0.0,0.0,8.72000,0.0,0.0,0.0,0.0,0.0,0.0
26202.8548,74646.42,77176.0,110.25,0.0,0.0,2188.48,289.510,147.230,0.0,0.0,0.0,0.0,0.0,0.0,0.0,63.3000,0.0,170.930,0.0,0.0,0.0,0.0,0.0,0.0,0.0,0.0,0.0,0.0,0.0,0.0,0.0,0.0,0.0,0.0,0.0,0.0,0.0,0.0,0.0,0.0,0.0,0.0,0.0,0.0,0.0,0.0,0.0,0.0,0.0,0.0,0.0,0.0,0.0,0.0,0.0,0.0,0.0,0.0,0.0,0.0,0.0,0.0,0.0,0.0,0.0,0.0,0.0,0.0,0.0,0.0,0.0
26215.6372,74651.42,77176.0,89.6100,0.0,0.0,3589.47,407.950,218.900,26.2000,0.0,0.0,0.0,0.0,0.0,0.0,0.0,16.5,212.710,18.4500,0.0,0.0,0.0,0.0,0.0,13.9,0.0,0.0,0.0,0.0,0.0,0.0,0.0,0.0,0.0,0.0,0.0,0.0,0.0,0.0,23.0,0.0,0.0,0.0,0.0,0.0,0.0,0.0,0.0,0.0,0.0,0.0,0.0,0.0,0.0,0.0,0.0,0.0,0.0,0.0,0.0,0.0,0.0,0.0,0.0,0.0,0.0,0.0,0.0,0.0,0.0,0.0
26228.4196,74656.42,77176.0,100.900,0.0,39.6000,3837.83,128.75,64.0200,13.68,0.0,0.0,0.0,0.0,0.0,0.0,0.0,0.0,19.6,59.25,0.0,0.0,0.0,0.0,0.0,28.6,0.0,0.0,41.5500,0.0,0.0,0.0,0.0,0.0,0.0,0.0,0.0,0.0,0.0,0.0,0.0,0.0,0.0,0.0,0.0,0.0,0.0,0.0,0.0,0.0,0.0,0.0,0.0,0.0,0.0,0.0,0.0,0.0,0.0,0.0,0.0,0.0,0.0,0.0,0.0,0.0,0.0,0.0,0.0,0.0,0.0,0.0
26241.202,74661.42,77176.0,363.260,0.0,0.0,4126.90,279.380,458.610,86.25,0.0,0.0,0.0,0.0,0.0,0.0,0.0,0.0,0.0,0.0,0.0,0.0,0.0,0.0,0.0,0.0,0.0,0.0,26.0,0.0,0.0,0.0,0.0,0.0,0.0,0.0,0.0,23.4,0.0,0.0,0.0,0.0,0.0,0.0,0.0,0.0,0.0,0.0,0.0,0.0,0.0,0.0,0.0,0.0,0.0,0.0,0.0,0.0,0.0,0.0,0.0,0.0,0.0,0.0,0.0,0.0,0.0,0.0,0.0,0.0,0.0,0.0
26252.9192,74666.42,77176.0,732.860,23.9500,0.0,2658.72,273.850,234.620,26.4,0.0,0.0,0.0,0.0,0.0,0.0,0.0,0.0,33.1500,43.4200,0.0,0.0,0.0,0.0,0.0,27.9200,0.0,0.0,0.0,0.0,0.0,0.0,0.0,0.0,0.0,0.0,10.24,0.0,0.0,10.4,0.0,0.0,0.0,0.0,0.0,48.9000,0.0,0.0,0.0,0.0,0.0,0.0,0.0,0.0,0.0,0.0,0.0,0.0,0.0,0.0,0.0,0.0,0.0,0.0,0.0,0.0,14.45,0.0,0.0,0.0,0.0,0.0
26265.7016,74671.42,77176.0,327.780,0.0,0.0,2174.38,431.600,320.170,11.15,0.0,0.0,0.0,0.0,0.0,0.0,0.0,0.0,0.0,8.64,0.0,0.0,0.0,0.0,0.0,0.0,0.0,0.0,0.0,0.0,0.0,0.0,0.0,0.0,0.0,0.0,12.05,0.0,0.0,0.0,0.0,0.0,19.85,0.0,0.0,0.0,0.0,0.0,0.0,0.0,0.0,0.0,0.0,0.0,0.0,0.0,0.0,0.0,0.0,0.0,0.0,0.0,0.0,0.0,0.0,0.0,0.0,0.0,0.0,0.0,0.0,0.0
26278.484,74676.42,77176.0,398.230,0.0,0.0,1484.72,258.050,269.280,98.5400,0.0,0.0,0.0,0.0,0.0,0.0,0.0,0.0,48.3600,39.1500,0.0,0.0,0.0,0.0,0.0,0.0,0.0,11.5600,17.4400,0.0,0.0,0.0,0.0,0.0,44.2000,0.0,33.3600,0.0,0.0,0.0,41.8000,0.0,0.0,0.0,0.0,0.0,0.0,0.0,0.0,0.0,0.0,0.0,0.0,0.0,0.0,0.0,0.0,0.0,0.0,0.0,0.0,0.0,0.0,0.0,0.0,14.52,0.0,0.0,0.0,16.24,0.0,0.0
26290.2012,74681.42,77176.0,195.480,0.0,0.0,2960.23,336.440,412.25,0.0,0.0,0.0,0.0,52.93,0.0,0.0,0.0,0.0,0.0,74.4000,0.0,0.0,0.0,0.0,0.0,12.3,8.56000,0.0,0.0,0.0,0.0,0.0,0.0,0.0,0.0,0.0,22.7000,0.0,0.0,0.0,83.6000,0.0,0.0,19.9,0.0,0.0,0.0,0.0,0.0,0.0,0.0,0.0,0.0,0.0,0.0,0.0,0.0,0.0,0.0,0.0,0.0,0.0,0.0,0.0,0.0,0.0,0.0,0.0,0.0,0.0,0.0,0.0
26302.9836,74686.42,77176.0,269.660,0.0,0.0,2603.06,404.640,190.240,11.24,0.0,0.0,0.0,0.0,0.0,0.0,0.0,0.0,177.130,0.0,0.0,0.0,0.0,0.0,0.0,102.050,0.0,0.0,54.75,34.3500,0.0,0.0,0.0,0.0,0.0,0.0,34.1500,0.0,0.0,0.0,0.0,0.0,0.0,0.0,0.0,0.0,0.0,0.0,0.0,0.0,0.0,0.0,0.0,0.0,0.0,0.0,0.0,0.0,0.0,16.7200,0.0,0.0,0.0,0.0,0.0,26.35,0.0,0.0,0.0,0.0,0.0,0.0
26315.766,74691.42,77176.0,728.820,0.0,0.0,2309.02,86.0800,271.810,0.0,0.0,0.0,0.0,0.0,0.0,0.0,10.4,0.0,0.0,0.0,0.0,42.6000,0.0,0.0,0.0,0.0,0.0,0.0,0.0,0.0,0.0,0.0,0.0,0.0,0.0,0.0,0.0,0.0,0.0,0.0,0.0,0.0,0.0,0.0,0.0,0.0,0.0,0.0,0.0,0.0,0.0,0.0,0.0,0.0,0.0,0.0,0.0,0.0,0.0,0.0,0.0,0.0,0.0,0.0,0.0,0.0,0.0,0.0,0.0,0.0,0.0,0.0
26328.5484,74696.42,77176.0,451.360,0.0,0.0,3207.14,261.410,252.700,10.6,0.0,0.0,0.0,135.300,0.0,0.0,187.25,0.0,7.45,0.0,0.0,0.0,0.0,0.0,0.0,15.2,0.0,0.0,0.0,0.0,0.0,0.0,0.0,0.0,0.0,164.400,0.0,0.0,0.0,0.0,42.7000,0.0,39.5500,0.0,0.0,0.0,0.0,0.0,0.0,0.0,0.0,77.3500,0.0,0.0,0.0,0.0,0.0,0.0,0.0,0.0,0.0,0.0,0.0,0.0,0.0,0.0,0.0,0.0,0.0,0.0,0.0,0.0
26340.2656,74701.42,77176.0,399.340,0.0,0.0,1990.32,368.780,746.020,114.600,0.0,0.0,0.0,0.0,0.0,0.0,45.2000,0.0,110.390,33.8800,0.0,0.0,0.0,0.0,0.0,85.75,0.0,0.0,0.0,0.0,0.0,0.0,0.0,0.0,0.0,0.0,0.0,0.0,0.0,0.0,0.0,0.0,79.1000,0.0,0.0,0.0,0.0,0.0,0.0,0.0,0.0,0.0,0.0,0.0,0.0,0.0,0.0,0.0,0.0,0.0,0.0,0.0,0.0,0.0,0.0,0.0,0.0,0.0,0.0,0.0,0.0,0.0
26353.048,74706.42,77176.0,823.610,0.0,0.0,2001.54,98.1900,513.25,12.9600,13.24,0.0,0.0,0.0,0.0,0.0,9.28000,0.0,58.3000,28.9500,0.0,55.0500,0.0,0.0,0.0,0.0,0.0,0.0,14.75,0.0,0.0,0.0,0.0,45.1100,0.0,0.0,0.0,0.0,0.0,12.32,0.0,0.0,0.0,0.0,0.0,0.0,0.0,0.0,0.0,0.0,0.0,0.0,0.0,0.0,0.0,0.0,0.0,0.0,0.0,0.0,0.0,0.0,0.0,0.0,0.0,0.0,0.0,0.0,0.0,0.0,0.0,0.0
26365.8304,74711.42,77176.0,686.790,0.0,0.0,1702.58,118.350,462.460,32.4000,0.0,0.0,0.0,0.0,0.0,0.0,184.930,0.0,51.7000,0.0,0.0,0.0,0.0,0.0,0.0,0.0,0.0,11.95,18.0500,0.0,0.0,0.0,0.0,0.0,0.0,0.0,9.35,0.0,0.0,0.0,0.0,0.0,0.0,0.0,0.0,0.0,0.0,0.0,0.0,0.0,0.0,0.0,0.0,0.0,0.0,0.0,0.0,0.0,0.0,0.0,0.0,0.0,0.0,0.0,0.0,18.2000,0.0,0.0,0.0,0.0,0.0,0.0
26378.6128,74716.42,77176.0,361.620,0.0,0.0,2696.33,119.300,214.690,27.59,0.0,0.0,0.0,0.0,0.0,0.0,0.0,0.0,135.670,0.0,0.0,0.0,0.0,0.0,0.0,0.0,0.0,40.25,0.0,0.0,0.0,0.0,0.0,0.0,0.0,0.0,0.0,0.0,0.0,0.0,0.0,0.0,0.0,0.0,0.0,0.0,0.0,0.0,0.0,125.020,0.0,0.0,0.0,0.0,0.0,0.0,0.0,0.0,0.0,0.0,0.0,0.0,0.0,0.0,0.0,0.0,0.0,0.0,0.0,0.0,0.0,0.0
26390.33,74721.42,77176.0,274.430,0.0,0.0,3099.98,184.0,199.690,37.9000,0.0,0.0,0.0,0.0,0.0,0.0,41.4400,0.0,66.4600,11.08,0.0,0.0,0.0,0.0,0.0,0.0,0.0,0.0,0.0,0.0,0.0,0.0,0.0,0.0,0.0,0.0,17.2000,0.0,0.0,0.0,0.0,0.0,0.0,0.0,0.0,0.0,0.0,0.0,0.0,0.0,0.0,0.0,0.0,0.0,0.0,0.0,0.0,0.0,0.0,0.0,0.0,0.0,0.0,0.0,0.0,0.0,0.0,0.0,0.0,0.0,0.0,0.0
26403.1124,74726.42,77176.0,571.310,0.0,0.0,1959.11,365.490,211.75,27.4,0.0,0.0,47.7600,0.0,0.0,0.0,49.6700,0.0,0.0,0.0,0.0,0.0,0.0,0.0,0.0,13.32,0.0,0.0,0.0,0.0,0.0,0.0,0.0,0.0,0.0,0.0,0.0,0.0,23.76,0.0,33.4500,0.0,38.4000,0.0,0.0,0.0,0.0,0.0,0.0,0.0,0.0,0.0,0.0,0.0,0.0,0.0,0.0,0.0,0.0,0.0,0.0,0.0,0.0,0.0,0.0,0.0,0.0,0.0,0.0,0.0,0.0,0.0
26415.8948,74731.42,77176.0,212.180,0.0,0.0,2312.75,102.900,385.980,101.960,0.0,0.0,0.0,0.0,0.0,0.0,56.9000,0.0,75.4000,48.0,0.0,0.0,0.0,0.0,0.0,0.0,0.0,0.0,40.25,0.0,0.0,0.0,0.0,0.0,0.0,0.0,24.65,0.0,0.0,16.5,0.0,0.0,0.0,0.0,0.0,0.0,0.0,0.0,0.0,0.0,0.0,0.0,0.0,0.0,0.0,0.0,0.0,0.0,0.0,0.0,0.0,0.0,0.0,0.0,0.0,0.0,0.0,0.0,0.0,0.0,0.0,0.0
26428.6772,74736.42,77176.0,397.520,0.0,0.0,2609.79,107.68,279.100,114.010,0.0,0.0,0.0,0.0,0.0,0.0,37.6000,26.25,31.7100,41.4400,0.0,0.0,0.0,0.0,0.0,0.0,0.0,0.0,42.4500,0.0,0.0,0.0,0.0,0.0,0.0,68.18,0.0,0.0,0.0,26.4,13.55,0.0,0.0,0.0,0.0,0.0,0.0,0.0,0.0,0.0,0.0,0.0,0.0,0.0,0.0,0.0,0.0,0.0,0.0,0.0,0.0,0.0,0.0,0.0,0.0,0.0,16.8000,0.0,0.0,0.0,0.0,0.0
26440.3944,74741.42,77176.0,249.730,0.0,0.0,2794.16,324.830,92.4200,49.8800,0.0,0.0,0.0,0.0,22.35,0.0,26.32,35.1000,70.0800,0.0,0.0,0.0,0.0,45.5,0.0,0.0,0.0,0.0,0.0,0.0,0.0,0.0,0.0,0.0,0.0,0.0,0.0,0.0,0.0,0.0,27.1,0.0,0.0,0.0,0.0,0.0,0.0,0.0,0.0,0.0,0.0,0.0,0.0,0.0,0.0,0.0,0.0,0.0,0.0,0.0,0.0,0.0,0.0,0.0,0.0,0.0,0.0,0.0,0.0,0.0,0.0,0.0
26453.1768,74746.42,77176.0,358.760,0.0,0.0,1719.86,330.010,205.190,76.3500,0.0,0.0,0.0,0.0,0.0,0.0,0.0,0.0,10.4400,0.0,0.0,0.0,0.0,0.0,0.0,29.9500,0.0,0.0,0.0,0.0,0.0,0.0,0.0,0.0,0.0,0.0,10.8,0.0,34.9700,0.0,0.0,0.0,0.0,0.0,0.0,0.0,0.0,0.0,0.0,37.1500,0.0,0.0,0.0,12.68,0.0,0.0,0.0,0.0,0.0,0.0,0.0,0.0,0.0,0.0,0.0,0.0,0.0,0.0,0.0,0.0,0.0,0.0
26465.9592,74751.42,77176.0,251.890,0.0,0.0,1428.99,146.150,220.320,0.0,0.0,0.0,0.0,0.0,0.0,0.0,15.75,0.0,14.5,0.0,0.0,0.0,0.0,0.0,0.0,84.8500,0.0,0.0,0.0,0.0,0.0,0.0,0.0,0.0,0.0,0.0,0.0,0.0,0.0,0.0,47.7000,0.0,0.0,0.0,0.0,0.0,0.0,0.0,0.0,0.0,0.0,0.0,0.0,0.0,0.0,0.0,0.0,0.0,0.0,0.0,0.0,0.0,0.0,0.0,0.0,0.0,0.0,0.0,0.0,0.0,0.0,0.0
26478.7416,74756.42,77176.0,1083.09,0.0,0.0,1963.03,179.740,435.090,0.0,0.0,0.0,0.0,0.0,0.0,0.0,34.9500,0.0,99.25,12.0,0.0,0.0,0.0,0.0,0.0,0.0,0.0,0.0,0.0,0.0,0.0,0.0,0.0,0.0,0.0,0.0,11.95,0.0,0.0,0.0,0.0,0.0,0.0,0.0,0.0,0.0,0.0,0.0,0.0,0.0,0.0,0.0,0.0,0.0,0.0,0.0,0.0,0.0,0.0,0.0,0.0,0.0,0.0,0.0,0.0,0.0,0.0,0.0,0.0,0.0,0.0,0.0
26490.4588,74761.42,77176.0,163.980,0.0,0.0,2579.04,453.700,138.280,85.32,0.0,0.0,0.0,0.0,0.0,0.0,0.0,0.0,20.5,0.0,0.0,0.0,0.0,0.0,0.0,59.5,0.0,11.25,36.8600,0.0,0.0,0.0,0.0,0.0,0.0,0.0,0.0,0.0,0.0,0.0,0.0,0.0,0.0,0.0,0.0,0.0,0.0,0.0,0.0,0.0,0.0,0.0,0.0,0.0,0.0,0.0,0.0,0.0,0.0,0.0,0.0,0.0,0.0,0.0,0.0,0.0,0.0,0.0,0.0,0.0,0.0,0.0
26503.2412,74766.42,77176.0,382.860,0.0,0.0,2478.11,167.240,253.950,27.9500,39.52,0.0,0.0,0.0,0.0,0.0,10.5,45.4500,0.0,0.0,0.0,0.0,0.0,0.0,0.0,11.2,16.5,0.0,33.4000,0.0,0.0,0.0,0.0,0.0,0.0,0.0,36.6000,0.0,0.0,0.0,0.0,0.0,0.0,0.0,0.0,0.0,0.0,0.0,0.0,19.9,0.0,0.0,0.0,0.0,0.0,0.0,0.0,0.0,35.75,0.0,0.0,0.0,0.0,0.0,0.0,0.0,0.0,0.0,0.0,0.0,0.0,0.0
26516.0236,74771.42,77176.0,43.0,0.0,0.0,4444.06,78.9000,169.330,79.6500,0.0,0.0,0.0,65.8500,0.0,0.0,0.0,0.0,49.3300,12.5,0.0,0.0,0.0,0.0,0.0,50.4000,0.0,0.0,14.08,0.0,0.0,0.0,0.0,0.0,0.0,0.0,0.0,0.0,0.0,0.0,0.0,0.0,0.0,0.0,0.0,0.0,0.0,0.0,0.0,0.0,0.0,0.0,0.0,0.0,0.0,0.0,0.0,0.0,0.0,0.0,0.0,0.0,0.0,0.0,0.0,0.0,0.0,0.0,0.0,0.0,0.0,0.0
26528.806,74776.42,77176.0,135.310,0.0,0.0,2878.77,394.640,110.130,72.0300,0.0,0.0,0.0,0.0,0.0,0.0,0.0,0.0,0.0,0.0,0.0,0.0,0.0,0.0,0.0,0.0,0.0,0.0,12.8,0.0,0.0,0.0,0.0,0.0,0.0,0.0,0.0,109.350,0.0,0.0,0.0,0.0,0.0,0.0,0.0,0.0,0.0,0.0,0.0,0.0,0.0,0.0,0.0,0.0,0.0,0.0,0.0,0.0,0.0,0.0,0.0,0.0,0.0,0.0,0.0,0.0,0.0,0.0,16.0,0.0,0.0,0.0
26540.5232,74781.42,77176.0,37.0,0.0,0.0,1574.74,130.670,233.480,256.300,0.0,0.0,0.0,0.0,0.0,0.0,0.0,0.0,121.690,35.4900,0.0,0.0,0.0,0.0,0.0,0.0,0.0,0.0,0.0,0.0,0.0,0.0,0.0,0.0,0.0,0.0,0.0,0.0,0.0,0.0,0.0,0.0,0.0,0.0,0.0,0.0,0.0,0.0,0.0,0.0,0.0,0.0,0.0,0.0,0.0,0.0,0.0,0.0,0.0,0.0,0.0,0.0,0.0,0.0,0.0,0.0,0.0,0.0,32.0,0.0,0.0,0.0
26553.3056,74786.42,77176.0,51.4900,0.0,0.0,1505.72,246.100,203.820,0.0,0.0,0.0,0.0,0.0,0.0,0.0,0.0,0.0,0.0,76.0900,0.0,0.0,0.0,0.0,0.0,18.3000,0.0,0.0,0.0,0.0,0.0,0.0,0.0,0.0,0.0,57.75,0.0,0.0,0.0,128.100,0.0,0.0,0.0,0.0,0.0,0.0,0.0,0.0,0.0,0.0,0.0,0.0,39.1500,0.0,0.0,0.0,0.0,0.0,0.0,0.0,0.0,0.0,0.0,0.0,0.0,0.0,0.0,0.0,0.0,0.0,0.0,0.0
26566.088,74791.42,77176.0,56.7000,0.0,0.0,2560.87,126.540,452.710,48.8500,0.0,0.0,0.0,0.0,0.0,0.0,16.0,0.0,45.5,13.4,0.0,19.8800,0.0,0.0,0.0,77.7300,0.0,0.0,11.15,0.0,0.0,0.0,0.0,0.0,0.0,0.0,37.5500,0.0,0.0,0.0,44.1000,0.0,0.0,0.0,0.0,0.0,0.0,0.0,0.0,0.0,0.0,0.0,0.0,0.0,0.0,0.0,0.0,0.0,0.0,0.0,0.0,0.0,0.0,0.0,0.0,0.0,0.0,0.0,0.0,0.0,0.0,0.0
26578.8704,74796.42,77176.0,619.100,0.0,0.0,2437.36,216.470,163.700,95.2200,0.0,0.0,0.0,0.0,0.0,0.0,55.3800,0.0,99.7300,0.0,0.0,0.0,0.0,0.0,0.0,36.3000,0.0,0.0,11.84,0.0,0.0,0.0,0.0,0.0,0.0,19.08,0.0,0.0,0.0,0.0,0.0,0.0,0.0,0.0,0.0,0.0,0.0,0.0,0.0,0.0,0.0,0.0,0.0,0.0,0.0,0.0,0.0,0.0,0.0,0.0,0.0,0.0,0.0,0.0,0.0,0.0,0.0,0.0,0.0,0.0,0.0,0.0
26590.5876,74801.42,77176.0,331.5,0.0,0.0,1048.76,238.830,275.990,155.920,0.0,0.0,0.0,13.12,0.0,0.0,0.0,0.0,15.79,0.0,0.0,0.0,0.0,0.0,0.0,26.1900,0.0,15.08,0.0,0.0,0.0,0.0,0.0,0.0,0.0,0.0,0.0,0.0,0.0,0.0,9.68,0.0,0.0,0.0,0.0,0.0,0.0,0.0,0.0,0.0,0.0,0.0,0.0,0.0,0.0,0.0,0.0,0.0,0.0,0.0,87.4500,0.0,0.0,0.0,0.0,0.0,0.0,0.0,0.0,0.0,0.0,0.0
26603.37,74806.42,77176.0,268.290,0.0,0.0,1547.22,265.910,125.610,0.0,0.0,0.0,0.0,0.0,0.0,0.0,68.0200,0.0,229.780,43.9000,0.0,0.0,0.0,0.0,0.0,9.36,0.0,0.0,13.95,0.0,0.0,0.0,0.0,93.5200,0.0,0.0,0.0,0.0,0.0,0.0,0.0,0.0,0.0,0.0,0.0,0.0,0.0,12.75,0.0,0.0,0.0,0.0,0.0,0.0,0.0,0.0,0.0,0.0,0.0,0.0,0.0,0.0,0.0,0.0,0.0,0.0,0.0,0.0,0.0,0.0,0.0,0.0
26616.1524,74811.42,77176.0,387.160,32.0,0.0,2182.23,109.220,363.070,0.0,0.0,0.0,0.0,0.0,0.0,0.0,0.0,14.08,22.9,0.0,0.0,27.35,0.0,0.0,0.0,0.0,0.0,0.0,0.0,0.0,0.0,0.0,0.0,0.0,0.0,0.0,0.0,0.0,0.0,0.0,0.0,0.0,0.0,0.0,0.0,0.0,0.0,0.0,0.0,0.0,0.0,0.0,27.85,0.0,0.0,0.0,0.0,0.0,0.0,0.0,0.0,0.0,0.0,0.0,0.0,0.0,22.7000,0.0,0.0,0.0,0.0,0.0
26628.9348,74816.42,77176.0,173.050,0.0,0.0,1445.19,349.770,342.590,140.950,0.0,0.0,0.0,0.0,0.0,0.0,74.3900,0.0,11.84,24.2800,0.0,0.0,0.0,0.0,0.0,0.0,0.0,0.0,0.0,0.0,0.0,0.0,0.0,0.0,0.0,0.0,0.0,0.0,0.0,0.0,0.0,0.0,23.5600,0.0,0.0,0.0,0.0,0.0,0.0,0.0,0.0,0.0,44.5600,0.0,0.0,0.0,0.0,0.0,0.0,0.0,0.0,0.0,0.0,0.0,0.0,0.0,0.0,0.0,0.0,0.0,0.0,0.0
26640.652,74821.42,77176.0,239.090,0.0,0.0,2502.93,29.3800,81.7400,37.68,0.0,0.0,0.0,0.0,0.0,0.0,0.0,11.3,96.5100,0.0,0.0,0.0,0.0,0.0,0.0,0.0,0.0,0.0,18.16,0.0,0.0,16.35,0.0,0.0,0.0,0.0,51.8800,0.0,0.0,0.0,0.0,0.0,0.0,0.0,0.0,0.0,0.0,0.0,0.0,0.0,0.0,0.0,0.0,0.0,0.0,0.0,0.0,0.0,0.0,0.0,0.0,0.0,0.0,0.0,0.0,0.0,0.0,14.4,0.0,0.0,0.0,0.0
26653.4344,74826.42,77176.0,426.200,0.0,0.0,2761.81,169.990,155.810,41.02,0.0,0.0,0.0,0.0,0.0,0.0,0.0,0.0,85.7200,33.8000,0.0,0.0,0.0,0.0,0.0,33.0400,0.0,31.7000,44.52,0.0,0.0,0.0,0.0,0.0,0.0,0.0,45.9000,0.0,0.0,0.0,0.0,0.0,0.0,0.0,0.0,0.0,0.0,0.0,0.0,0.0,0.0,0.0,0.0,0.0,0.0,0.0,0.0,0.0,0.0,0.0,0.0,0.0,0.0,0.0,0.0,0.0,0.0,0.0,0.0,0.0,0.0,0.0
26666.2168,74831.42,77176.0,164.660,0.0,0.0,1011.81,457.690,333.330,44.52,0.0,0.0,0.0,0.0,0.0,0.0,20.6,0.0,40.9200,54.0800,0.0,0.0,0.0,0.0,0.0,41.02,0.0,50.7200,0.0,0.0,0.0,0.0,0.0,0.0,0.0,0.0,0.0,0.0,0.0,74.1000,11.35,0.0,0.0,0.0,0.0,0.0,0.0,0.0,0.0,0.0,0.0,0.0,0.0,0.0,0.0,0.0,0.0,0.0,0.0,0.0,21.9600,89.7000,0.0,0.0,0.0,0.0,0.0,0.0,0.0,0.0,0.0,0.0
26678.9992,74836.42,77176.0,131.330,0.0,0.0,770.040,378.720,194.380,0.0,0.0,0.0,0.0,0.0,0.0,0.0,0.0,0.0,88.8700,0.0,0.0,0.0,0.0,0.0,0.0,13.45,0.0,0.0,0.0,0.0,0.0,0.0,0.0,0.0,0.0,0.0,0.0,0.0,0.0,0.0,71.7100,0.0,15.5,0.0,0.0,0.0,0.0,17.2800,0.0,0.0,0.0,0.0,0.0,0.0,0.0,0.0,0.0,0.0,0.0,0.0,0.0,0.0,0.0,0.0,0.0,0.0,0.0,0.0,0.0,0.0,0.0,0.0
26690.7164,74841.42,77176.0,228.330,0.0,0.0,2214.12,108.600,144.280,18.7200,0.0,0.0,0.0,0.0,0.0,0.0,0.0,0.0,26.4,0.0,0.0,0.0,0.0,0.0,0.0,0.0,0.0,0.0,0.0,0.0,0.0,0.0,0.0,0.0,0.0,0.0,0.0,0.0,0.0,0.0,0.0,0.0,0.0,0.0,0.0,0.0,0.0,0.0,0.0,0.0,0.0,0.0,0.0,0.0,0.0,0.0,0.0,0.0,0.0,0.0,0.0,0.0,0.0,0.0,0.0,0.0,0.0,0.0,0.0,0.0,0.0,0.0
26703.4988,74846.42,77176.0,655.530,0.0,0.0,1722.76,125.0,669.160,21.3000,0.0,0.0,0.0,0.0,0.0,0.0,0.0,0.0,70.9800,0.0,0.0,0.0,0.0,0.0,0.0,0.0,0.0,0.0,0.0,0.0,0.0,0.0,0.0,0.0,0.0,0.0,0.0,0.0,0.0,0.0,0.0,0.0,0.0,0.0,0.0,0.0,0.0,0.0,0.0,0.0,0.0,0.0,0.0,0.0,0.0,0.0,0.0,0.0,0.0,0.0,0.0,0.0,0.0,0.0,53.8500,0.0,13.0,0.0,0.0,0.0,0.0,0.0
26716.2812,74851.42,77176.0,254.120,0.0,0.0,880.960,262.140,386.780,9.72000,0.0,0.0,0.0,62.3000,0.0,0.0,17.1200,0.0,82.5,0.0,0.0,0.0,0.0,0.0,0.0,0.0,0.0,24.75,0.0,0.0,0.0,0.0,0.0,0.0,54.7400,0.0,0.0,0.0,0.0,0.0,0.0,36.1200,0.0,0.0,0.0,0.0,0.0,0.0,0.0,0.0,0.0,0.0,0.0,0.0,0.0,0.0,0.0,0.0,0.0,0.0,0.0,0.0,0.0,0.0,0.0,0.0,0.0,0.0,0.0,0.0,0.0,0.0
26727.9984,74856.42,77176.0,300.360,0.0,57.68,1074.86,89.75,123.200,177.150,0.0,0.0,0.0,0.0,0.0,0.0,10.52,39.3500,56.4000,0.0,0.0,0.0,0.0,0.0,0.0,14.9,0.0,0.0,14.75,0.0,0.0,0.0,0.0,0.0,0.0,0.0,0.0,0.0,0.0,0.0,0.0,0.0,0.0,0.0,0.0,0.0,0.0,0.0,0.0,0.0,0.0,0.0,0.0,0.0,0.0,0.0,0.0,0.0,0.0,0.0,0.0,0.0,0.0,0.0,0.0,0.0,0.0,0.0,0.0,0.0,0.0,0.0
26740.7808,74861.42,77176.0,620.450,0.0,0.0,1241.25,180.770,202.650,44.3000,0.0,0.0,0.0,0.0,35.6200,0.0,82.5100,24.8000,53.4500,65.5200,0.0,44.7000,0.0,0.0,0.0,0.0,0.0,0.0,67.2000,0.0,0.0,0.0,0.0,0.0,0.0,0.0,0.0,0.0,0.0,13.7200,0.0,0.0,66.5600,0.0,0.0,0.0,0.0,0.0,0.0,0.0,0.0,0.0,0.0,0.0,0.0,0.0,0.0,0.0,0.0,0.0,0.0,0.0,0.0,14.76,0.0,0.0,0.0,0.0,0.0,0.0,0.0,0.0
26753.5632,74866.42,77176.0,427.390,0.0,0.0,1584.72,96.8700,158.120,12.0,0.0,0.0,0.0,0.0,0.0,0.0,63.4500,0.0,51.3000,75.0,0.0,0.0,0.0,0.0,0.0,0.0,0.0,0.0,16.35,0.0,0.0,0.0,0.0,0.0,0.0,0.0,0.0,0.0,0.0,0.0,35.1000,0.0,0.0,0.0,0.0,0.0,0.0,0.0,0.0,0.0,0.0,0.0,0.0,0.0,0.0,0.0,0.0,0.0,0.0,0.0,0.0,0.0,0.0,0.0,0.0,0.0,0.0,0.0,0.0,0.0,0.0,0.0
26766.3456,74871.42,77176.0,221.560,0.0,0.0,765.420,202.75,125.970,0.0,0.0,0.0,0.0,0.0,0.0,0.0,73.2200,0.0,45.7900,16.2800,0.0,0.0,0.0,0.0,0.0,0.0,0.0,0.0,0.0,0.0,0.0,0.0,0.0,0.0,0.0,0.0,0.0,0.0,0.0,0.0,0.0,0.0,0.0,0.0,0.0,0.0,0.0,0.0,0.0,0.0,0.0,0.0,0.0,0.0,0.0,0.0,0.0,0.0,0.0,0.0,0.0,0.0,0.0,0.0,0.0,0.0,0.0,0.0,0.0,0.0,0.0,0.0
26778.0628,74876.42,77176.0,216.75,0.0,0.0,1079.18,64.4000,319.175,17.5,0.0,0.0,0.0,0.0,0.0,0.0,0.0,0.0,22.1,0.0,0.0,0.0,0.0,0.0,0.0,0.0,0.0,0.0,0.0,0.0,0.0,0.0,0.0,0.0,0.0,0.0,0.0,0.0,0.0,0.0,0.0,0.0,59.0,0.0,0.0,0.0,0.0,0.0,0.0,0.0,0.0,0.0,0.0,0.0,0.0,0.0,0.0,0.0,0.0,0.0,0.0,0.0,0.0,0.0,0.0,0.0,0.0,0.0,0.0,0.0,0.0,0.0
